0;0;1;0;0;0;0;-1;-1;4870
-0.002669;-0.004799;-0.001237;0.000893
0;0;1;0;0;0;0;-1;-1;4863
-0.002917;-0.004799;-0.000990;0.000893
0;0;1;0;0;0;0;-1;-1;4863
-0.002917;-0.004799;-0.000990;0.000893
0;0;1;0;0;0;0;-1;-1;4774
-0.002917;-0.004799;-0.000990;0.000893
0;0;1;0;0;0;0;-1;0;4870
-0.002917;-0.004799;-0.000990;0.004799
0;0;1;0;0;0;0;0;-3;4825
-0.002917;-0.003839;0.002917;-0.007879
0;0;1;0;0;0;0;-1;-1;4752
-0.002333;-0.005415;-0.001573;0.001509
0;0;1;0;0;0;0;-1;-1;4870
-0.002648;-0.005113;-0.001259;0.001207
0;0;1;0;0;0;0;-1;-1;4833
-0.002900;-0.004872;-0.001007;0.000966
0;0;1;0;0;0;0;-1;-1;4848
-0.003101;-0.004872;-0.000805;0.000966
0;0;1;0;0;0;0;-1;-1;4863
-0.003101;-0.004872;-0.000805;0.000966
0;0;1;0;0;0;0;-1;-1;4863
-0.003101;-0.004872;-0.000805;0.000966
0;0;1;0;0;0;0;-1;0;4840
-0.003101;-0.004872;-0.000805;0.004872
0;0;1;0;0;0;0;-1;-1;4863
-0.003101;-0.003898;-0.000805;-0.000009
0;0;1;0;0;0;0;-1;0;4863
-0.003101;-0.003898;-0.000805;0.003898
0;0;1;0;0;0;0;-1;-1;4812
-0.003101;-0.003118;-0.000805;-0.000788
0;0;1;0;0;0;0;-1;-1;4848
-0.003101;-0.003118;-0.000805;-0.000788
0;0;1;0;0;0;0;-1;-1;4812
-0.003101;-0.003118;-0.000805;-0.000788
0;0;1;0;0;0;0;-1;-1;4848
-0.003101;-0.003118;-0.000805;-0.000788
0;0;1;0;0;0;0;0;-3;4855
-0.003101;-0.003118;0.003101;-0.008601
0;0;1;0;0;0;0;-1;-1;4863
-0.002481;-0.004838;-0.001426;0.000932
0;0;1;0;0;0;0;-1;-1;4870
-0.002766;-0.004838;-0.001140;0.000932
0;0;1;0;0;0;0;-1;-1;4855
-0.002994;-0.004838;-0.000912;0.000932
0;0;1;0;0;0;0;-1;-1;4863
-0.002994;-0.004838;-0.000912;0.000932
0;0;1;0;0;0;0;0;-3;4855
-0.002994;-0.004838;0.002994;-0.006881
0;0;1;0;0;0;0;-1;-1;4840
-0.002395;-0.006214;-0.001511;0.002308
0;0;1;0;0;0;0;-1;-1;4797
-0.002697;-0.005753;-0.001209;0.001847
0;0;1;0;0;0;0;0;-3;4848
-0.002939;-0.005383;0.002939;-0.006335
0;0;1;0;0;0;0;-1;-1;4833
-0.002351;-0.006650;-0.001555;0.002744
0;0;1;0;0;0;0;0;-3;4848
-0.002662;-0.006102;0.002662;-0.005617
0;0;1;0;0;0;0;0;-3;4840
-0.002130;-0.007225;0.002130;-0.004494
0;0;1;0;0;0;0;-1;-1;4855
-0.001704;-0.008124;-0.002202;0.004218
0;0;1;0;0;0;0;-1;-1;4863
-0.002144;-0.007280;-0.001762;0.003374
0;0;1;0;0;0;0;0;-3;4840
-0.002497;-0.006605;0.002497;-0.005113
0;0;1;0;0;0;0;-1;-1;4870
-0.001997;-0.007628;-0.001909;0.003722
0;0;1;0;0;0;0;-1;-1;4738
-0.002379;-0.006884;-0.001527;0.002977
0;0;1;0;0;0;0;0;-3;4752
-0.002685;-0.006288;0.002685;-0.005430
0;0;1;0;0;0;0;0;-3;4863
-0.002148;-0.007374;0.002148;-0.004345
0;0;1;0;0;0;0;-1;-1;4848
-0.001718;-0.008243;-0.002188;0.004337
0;0;1;0;0;0;0;-1;-1;4863
-0.002156;-0.007376;-0.001750;0.003470
0;0;1;0;0;0;0;0;-3;4863
-0.002506;-0.006682;0.002506;-0.005037
0;0;1;0;0;0;0;-1;-1;4833
-0.002005;-0.007689;-0.001902;0.003783
0;0;1;0;0;0;0;-1;-1;4870
-0.002385;-0.006933;-0.001521;0.003026
0;0;1;0;0;0;0;-2;-1;4818
-0.002689;-0.006327;-0.005123;0.002421
0;0;1;0;0;0;0;-1;-1;4848
-0.003714;-0.005843;-0.000192;0.001937
0;0;1;0;0;0;0;-1;-1;4812
-0.003714;-0.005456;-0.000192;0.001550
0;0;1;0;0;0;0;-1;-1;4812
-0.003714;-0.005146;-0.000192;0.001240
0;0;1;0;0;0;0;-1;-1;4863
-0.003714;-0.004898;-0.000192;0.000992
0;0;1;0;0;0;0;-1;-1;4825
-0.003714;-0.004898;-0.000192;0.000992
0;0;1;0;0;0;0;0;-3;4855
-0.003714;-0.004898;0.003714;-0.006821
0;0;1;0;0;0;0;-1;-1;4884
-0.002971;-0.006262;-0.000935;0.002356
0;0;1;0;0;0;0;-1;-1;4812
-0.002971;-0.005791;-0.000935;0.001885
0;0;1;0;0;0;0;-1;-1;4863
-0.002971;-0.005414;-0.000935;0.001508
0;0;1;0;0;0;0;-1;-1;4870
-0.002971;-0.005112;-0.000935;0.001206
0;0;1;0;0;0;0;-1;-1;4855
-0.002971;-0.004871;-0.000935;0.000965
0;0;1;0;0;0;0;-1;-1;4833
-0.002971;-0.004871;-0.000935;0.000965
0;0;1;0;0;0;0;-1;-1;4797
-0.002971;-0.004871;-0.000935;0.000965
0;0;1;0;0;0;0;-1;-1;4848
-0.002971;-0.004871;-0.000935;0.000965
0;0;1;0;0;0;0;-1;-1;4840
-0.002971;-0.004871;-0.000935;0.000965
0;0;1;0;0;0;0;-1;-1;4797
-0.002971;-0.004871;-0.000935;0.000965
0;0;1;0;0;0;0;-1;-1;4863
-0.002971;-0.004871;-0.000935;0.000965
0;0;1;0;0;0;0;3;4;4825
-0.002971;-0.004871;0.014690;0.020496
0;0;1;0;0;0;0;6;7;4833
-0.000033;-0.000772;0.023471;0.028116
0;0;1;0;0;0;0;6;6;4759
0.004661;0.004851;0.018776;0.018586
0;0;1;0;0;0;0;7;7;4848
0.008416;0.008568;0.018928;0.018775
0;0;1;0;0;0;0;7;8;4855
0.012201;0.012323;0.015142;0.018927
0;0;1;0;0;0;0;3;3;4848
0.015229;0.016108;-0.003510;-0.004389
0;0;1;0;0;0;0;3;4;4848
0.014527;0.015230;-0.002808;0.000395
0;0;1;0;0;0;0;5;2;4825
0.013966;0.015230;0.005566;-0.007418
0;0;1;0;0;0;0;5;3;4848
0.015079;0.013747;0.004453;-0.002028
0;0;1;0;0;0;0;5;1;4863
0.015969;0.013341;0.003562;-0.009435
0;0;1;0;0;0;0;8;4;4863
0.016681;0.011455;0.014569;0.004170
0;0;1;0;0;0;0;9;5;4855
0.019594;0.012288;0.015562;0.007243
0;0;1;0;0;0;0;14;10;4789
0.022705;0.013737;0.031983;0.025326
0;0;1;0;0;0;0;17;13;4870
0.029097;0.018801;0.037309;0.031981
0;0;1;0;0;0;0;17;13;4812
0.036551;0.025194;0.029855;0.025588
0;0;1;0;0;0;0;18;18;4848
0.042513;0.030307;0.027800;0.040005
0;0;1;0;0;0;0;19;15;4789
0.048061;0.038299;0.026158;0.020295
0;0;1;0;0;0;0;23;19;4825
0.053279;0.042351;0.036564;0.031868
0;0;1;0;0;0;0;22;19;4833
0.060568;0.048711;0.025369;0.025507
0;0;1;0;0;0;0;23;19;4848
0.065622;0.053800;0.024222;0.020419
0;0;1;0;0;0;0;23;19;4833
0.070444;0.057871;0.019400;0.016348
0;0;1;0;0;0;0;23;19;4767
0.074304;0.061129;0.015540;0.013090
0;0;1;0;0;0;0;23;19;4825
0.077394;0.063737;0.012450;0.010482
0;0;1;0;0;0;0;25;22;4804
0.079868;0.065824;0.017788;0.020113
0;0;1;0;0;0;0;25;22;4804
0.083402;0.069828;0.014254;0.016109
0;0;1;0;0;0;0;28;25;4789
0.086232;0.073034;0.023143;0.024622
0;0;1;0;0;0;0;28;25;4797
0.090825;0.077930;0.018550;0.019726
0;0;1;0;0;0;0;30;27;4825
0.094503;0.081850;0.022685;0.023619
0;0;1;0;0;0;0;31;28;4746
0.098997;0.086540;0.022097;0.022835
0;0;1;0;0;0;0;29;29;4840
0.103371;0.091071;0.009910;0.022210
0;0;1;0;0;0;0;26;27;4752
0.105332;0.095475;-0.003769;0.009994
0;0;1;0;0;0;0;26;27;4812
0.104586;0.097455;-0.003024;0.008014
0;0;1;0;0;0;0;25;28;4782
0.103988;0.099042;-0.006332;0.010333
0;0;1;0;0;0;0;26;27;4840
0.102735;0.101088;-0.001173;0.004381
0;0;1;0;0;0;0;26;27;4848
0.102503;0.101955;-0.000941;0.003514
0;0;1;0;0;0;0;28;24;4812
0.102503;0.102650;0.006872;-0.008900
0;0;1;0;0;0;0;28;24;4863
0.103863;0.100889;0.005512;-0.007139
0;0;1;0;0;0;0;28;25;4840
0.104953;0.099476;0.004422;-0.001819
0;0;1;0;0;0;0;28;25;4840
0.105828;0.099115;0.003547;-0.001459
0;1;0;0;0;0;0;26;26;4855
0.011331;0.052938;0.090232;0.048625
0;1;0;0;0;0;0;28;24;4833
0.029369;0.062630;0.080006;0.031120
0;1;0;0;0;0;0;28;24;4848
0.045348;0.068827;0.064027;0.024923
0;1;0;0;0;0;0;25;21;4797
0.058119;0.073786;0.039538;0.008245
0;1;0;0;0;0;0;23;23;4833
0.065996;0.075426;0.023848;0.014418
0;1;0;0;0;0;0;28;24;4812
0.070743;0.078293;0.038632;0.015457
0;1;0;0;0;0;0;28;25;4848
0.078426;0.081364;0.030949;0.016292
0;1;0;0;0;0;0;27;27;4804
0.084575;0.084600;0.020894;0.020868
0;1;0;0;0;0;0;28;24;4855
0.088722;0.088743;0.020653;0.005007
0;1;0;0;0;0;0;28;25;4848
0.092819;0.089736;0.016556;0.007920
0;1;0;0;0;0;0;26;27;4804
0.096101;0.091307;0.005462;0.014162
0;1;0;0;0;0;0;26;27;4825
0.097183;0.094115;0.004380;0.011354
0;1;0;0;0;0;0;26;27;4767
0.098050;0.096365;0.003512;0.009103
0;1;0;0;0;0;0;26;27;4825
0.098746;0.098169;0.002816;0.007300
0;1;0;0;0;0;0;26;27;4804
0.099304;0.099614;0.002259;0.005854
0;1;0;0;0;0;0;26;26;4840
0.099751;0.100774;0.001812;0.000789
0;1;0;0;0;0;0;26;27;4818
0.100110;0.100774;0.001453;0.004695
0;1;0;0;0;0;0;26;27;4840
0.100397;0.101703;0.001165;0.003766
0;1;0;0;0;0;0;26;26;4840
0.100628;0.102448;0.000934;-0.000886
0;1;0;0;0;0;0;26;27;4767
0.100628;0.102448;0.000934;0.003021
0;1;0;0;0;0;0;27;27;4797
0.100628;0.103046;0.004841;0.002423
0;1;0;0;0;0;0;27;26;4848
0.101586;0.103525;0.003883;-0.001963
0;1;0;0;0;0;0;29;29;4833
0.102355;0.103137;0.010927;0.010144
0;0;0;0;0;0;0;29;29;4812
0.035069;0.086844;0.078213;0.026437
0;0;0;0;0;0;0;29;29;4848
0.042878;0.089467;0.070403;0.023814
0;0;0;0;0;0;0;29;29;4848
0.049904;0.091829;0.063378;0.021452
0;0;0;0;0;0;0;29;30;4825
0.056223;0.093956;0.057058;0.023232
0;0;0;0;0;0;0;29;30;4833
0.061909;0.096258;0.051372;0.020930
0;0;0;0;0;0;0;32;32;4848
0.067025;0.098331;0.057975;0.026669
0;0;0;0;0;0;0;32;32;4840
0.072794;0.100972;0.052206;0.024028
0;0;0;0;0;0;0;32;32;4833
0.077985;0.103349;0.047015;0.021651
0;0;0;0;0;0;0;32;32;4848
0.082656;0.105491;0.042344;0.019509
0;0;0;0;0;0;0;29;29;4818
0.086860;0.107420;0.026421;0.005862
0;0;0;0;0;0;0;29;29;4767
0.089482;0.107999;0.023800;0.005282
0;0;0;0;0;0;0;29;29;4848
0.091842;0.108521;0.021439;0.004760
0;0;0;0;0;0;0;29;30;4848
0.093967;0.108991;0.019314;0.008196
0;0;0;0;0;0;0;29;29;4818
0.095881;0.109801;0.017400;0.003480
0;0;0;0;0;0;0;32;32;4848
0.097605;0.110145;0.027395;0.014855
0;0;0;0;0;0;0;32;32;4797
0.100318;0.111612;0.024682;0.013388
1;0;0;0;0;0;0;32;32;4833
0.078415;0.116918;0.046585;0.008082
1;0;0;0;0;0;0;33;33;4804
0.087668;0.118512;0.041238;0.010395
1;0;0;0;0;0;0;32;32;4804
0.095846;0.120561;0.029154;0.004439
1;0;0;0;0;0;0;32;32;4797
0.101620;0.121436;0.023380;0.003564
1;0;0;0;0;0;0;32;32;4812
0.106245;0.122138;0.018755;0.002862
1;0;0;0;0;0;0;32;32;4797
0.109953;0.122702;0.015047;0.002298
1;0;0;0;0;0;0;32;32;4833
0.112925;0.123155;0.012075;0.001845
1;0;0;0;0;0;0;32;32;4789
0.115308;0.123518;0.009692;0.001482
1;0;0;0;0;0;0;31;32;4825
0.117221;0.123810;0.003873;0.001190
1;0;0;0;0;0;0;32;34;4818
0.117984;0.124044;0.007016;0.008768
1;0;0;0;0;0;0;32;32;4825
0.119368;0.125770;0.005632;-0.000770
1;0;0;0;0;0;0;32;33;4774
0.120478;0.125770;0.004522;0.003136
1;0;0;0;0;0;0;32;32;4767
0.121369;0.126388;0.003631;-0.001388
1;0;0;0;0;0;0;32;32;4804
0.122085;0.126115;0.002915;-0.001115
1;0;0;0;0;0;0;32;32;4825
0.122659;0.125895;0.002341;-0.000895
1;0;0;0;0;0;0;32;32;4812
0.123120;0.125895;0.001880;-0.000895
1;0;0;0;0;0;0;32;32;4818
0.123490;0.125895;0.001510;-0.000895
1;0;0;0;0;0;0;32;32;4833
0.123788;0.125895;0.001212;-0.000895
1;0;0;0;0;0;0;32;32;4782
0.124026;0.125895;0.000974;-0.000895
1;0;0;0;0;0;0;32;32;4812
0.124026;0.125895;0.000974;-0.000895
1;0;0;0;0;0;0;32;32;4825
0.124026;0.125895;0.000974;-0.000895
1;0;0;0;0;0;0;31;32;4863
0.124026;0.125895;-0.002933;-0.000895
1;0;0;0;0;0;0;32;32;4825
0.123449;0.125895;0.001551;-0.000895
1;0;0;0;0;0;0;32;32;4848
0.123754;0.125895;0.001246;-0.000895
1;0;0;0;0;0;0;32;32;4782
0.124000;0.125895;0.001000;-0.000895
1;0;0;0;0;0;0;32;32;4797
0.124197;0.125895;0.000803;-0.000895
1;0;0;0;0;0;0;32;32;4812
0.124197;0.125895;0.000803;-0.000895
1;0;0;0;0;0;0;32;32;4833
0.124197;0.125895;0.000803;-0.000895
1;0;0;0;0;0;0;32;32;4789
0.124197;0.125895;0.000803;-0.000895
1;0;0;0;0;0;0;32;32;4789
0.124197;0.125895;0.000803;-0.000895
1;0;0;0;0;0;0;34;30;4812
0.124197;0.125895;0.008616;-0.008708
1;0;0;0;0;0;0;34;31;4833
0.125893;0.124181;0.006920;-0.003087
1;0;0;0;0;0;0;37;33;4825
0.127255;0.123573;0.017277;0.005333
1;0;0;0;0;0;0;37;33;4789
0.130652;0.124623;0.013879;0.004283
1;0;0;0;0;0;0;37;33;4782
0.133380;0.125466;0.011151;0.003440
1;0;0;0;0;0;0;37;33;4840
0.135570;0.126143;0.008961;0.002763
1;0;0;0;0;0;0;37;33;4812
0.137329;0.126687;0.007203;0.002219
1;0;0;0;0;0;0;37;33;4812
0.138742;0.127124;0.005789;0.001782
1;0;0;0;0;0;0;36;33;4833
0.139877;0.127475;0.000748;0.001432
1;0;0;0;0;0;0;40;29;4833
0.139877;0.127756;0.016373;-0.014475
0;0;0;0;0;0;0;40;29;4855
0.135044;0.116935;0.021206;-0.003653
0;0;0;0;0;0;0;42;27;4812
0.137125;0.116574;0.026937;-0.011106
0;0;0;0;0;0;0;42;29;4833
0.139767;0.115479;0.024295;-0.002197
0;0;0;0;0;0;0;45;25;4840
0.142148;0.115262;0.033633;-0.017606
0;0;0;0;0;0;0;44;25;4818
0.145442;0.113524;0.026433;-0.015868
0;0;0;0;0;0;0;49;21;4825
0.148028;0.111958;0.043378;-0.029926
0;0;0;0;0;0;0;52;17;4848
0.152268;0.109002;0.050857;-0.042595
0;0;0;0;0;1;0;53;17;4840
0.157232;0.104791;0.049799;-0.038384
0;0;0;0;0;1;0;55;15;4833
0.162085;0.100993;0.052759;-0.042399
0;0;0;0;0;0;0;55;15;4848
0.167218;0.096795;0.047626;-0.038201
0;0;0;0;0;0;0;54;15;4708
0.171844;0.093009;0.039094;-0.034415
0;0;0;0;0;0;1;55;15;4797
0.175635;0.089596;0.039209;-0.031002
0;0;0;0;0;0;1;55;15;4797
0.179432;0.086520;0.035411;-0.027926
0;0;0;0;0;0;1;55;15;4818
0.182857;0.083748;0.031987;-0.025154
0;0;0;0;0;0;1;55;15;4818
0.185947;0.081249;0.028897;-0.022655
0;0;0;0;0;0;1;55;15;4797
0.188735;0.078998;0.026108;-0.020404
0;0;0;0;0;0;1;54;15;4782
0.191252;0.076970;0.019685;-0.018376
0;0;0;0;0;0;1;49;21;4833
0.193148;0.075143;-0.001742;0.006888
0;0;0;0;0;0;0;37;33;4825
0.192980;0.075828;-0.048449;0.053078
0;0;0;0;0;0;0;37;33;4782
0.188311;0.081103;-0.043780;0.047803
0;0;0;0;0;0;0;36;33;4825
0.184085;0.085850;-0.043460;0.043056
0;0;0;0;0;0;0;34;35;4782
0.179883;0.090122;-0.047071;0.046596
0;0;0;0;0;0;0;35;35;4812
0.175325;0.094742;-0.038606;0.041977
0;0;0;0;0;0;0;35;35;4855
0.171580;0.098901;-0.034861;0.037818
0;0;0;0;0;0;0;35;35;4833
0.168195;0.102644;-0.031476;0.034075
0;0;0;0;0;0;0;34;36;4797
0.165134;0.106014;-0.032322;0.034611
0;0;0;0;0;0;0;29;41;4818
0.161989;0.109435;-0.048707;0.050721
0;0;0;0;0;0;0;27;42;4818
0.157242;0.114444;-0.051773;0.049619
0;0;0;0;0;0;0;24;44;4804
0.152189;0.119338;-0.058439;0.052537
0;0;0;0;0;0;0;25;45;4818
0.146475;0.124513;-0.048819;0.051268
0;0;0;0;0;0;0;25;45;4863
0.141695;0.129557;-0.044038;0.046224
0;0;0;0;0;0;0;25;45;4863
0.137377;0.134100;-0.039720;0.041682
0;0;0;0;0;0;0;23;47;4825
0.133477;0.138190;-0.043634;0.045403
0;0;0;0;0;0;0;23;48;4833
0.129189;0.142641;-0.039345;0.044859
0;0;0;0;0;0;0;23;47;4825
0.125318;0.147033;-0.035475;0.036561
0;0;0;0;0;0;0;23;47;4797
0.121825;0.150608;-0.031981;0.032986
0;0;0;0;0;0;0;23;47;4818
0.118673;0.153830;-0.028830;0.029764
0;0;0;0;0;0;0;23;47;4812
0.115830;0.156735;-0.025986;0.026859
0;0;0;0;0;0;0;21;49;4863
0.113266;0.159354;-0.031234;0.032053
0;0;0;0;0;0;0;21;49;4825
0.110181;0.162476;-0.028150;0.028930
0;0;0;0;0;0;0;21;49;4825
0.107399;0.165291;-0.025368;0.026115
0;0;0;0;0;0;0;21;49;4848
0.104891;0.167830;-0.022860;0.023576
0;0;0;0;0;0;0;21;49;4812
0.102630;0.170121;-0.020598;0.021286
0;0;0;0;0;0;0;21;49;4833
0.100591;0.172187;-0.018560;0.019220
0;0;0;0;0;0;0;21;49;4825
0.098754;0.174051;-0.016722;0.017355
0;0;0;0;0;0;0;21;49;4804
0.097097;0.175733;-0.015066;0.015673
0;0;0;0;0;0;1;21;49;4797
0.095605;0.177252;-0.013574;0.014154
0;0;0;0;0;0;1;23;47;4789
0.094260;0.178623;-0.004416;0.004971
0;0;0;0;0;0;1;25;45;4825
0.093822;0.179104;0.003834;-0.003323
0;0;0;0;0;0;1;31;39;4833
0.094202;0.178782;0.026892;-0.026438
0;0;0;0;0;0;1;33;37;4797
0.096867;0.176222;0.032040;-0.031690
0;0;0;0;0;0;1;33;37;4840
0.100040;0.173149;0.028867;-0.028618
0;0;0;0;0;0;1;32;37;4848
0.102897;0.170372;0.022103;-0.025841
0;0;0;0;0;0;1;29;41;4812
0.105083;0.167862;0.008198;-0.007706
0;0;0;0;0;0;1;25;45;4797
0.105894;0.167113;-0.008237;0.008668
0;0;0;0;0;0;1;23;47;4812
0.105079;0.167955;-0.015235;0.015638
0;0;0;0;0;0;1;23;47;4825
0.103572;0.169475;-0.013728;0.014119
0;0;0;0;0;0;1;23;47;4840
0.102214;0.170846;-0.012370;0.012748
0;0;0;0;0;0;1;23;47;4840
0.100990;0.172083;-0.011146;0.011511
0;0;0;0;0;0;0;23;47;4855
0.099886;0.173200;-0.010042;0.010394
0;0;0;0;0;0;0;23;47;4825
0.098892;0.174208;-0.009048;0.009386
0;0;0;0;0;0;0;23;47;4774
0.097996;0.175118;-0.008152;0.008476
0;0;0;0;0;0;1;23;47;4812
0.097188;0.175939;-0.007345;0.007654
0;0;0;0;0;0;1;25;45;4863
0.096461;0.176681;0.001195;-0.000900
0;0;0;0;0;0;1;29;41;4833
0.096579;0.176681;0.016702;-0.016525
0;0;0;0;0;0;1;31;39;4752
0.098234;0.175080;0.022860;-0.022736
0;0;0;0;0;0;1;34;35;4774
0.100497;0.172875;0.032315;-0.036156
0;0;0;0;0;0;1;35;35;4818
0.103695;0.169365;0.033024;-0.032646
0;0;0;0;0;0;1;35;35;4746
0.106961;0.166192;0.029758;-0.029474
0;0;0;0;0;0;1;34;35;4797
0.109901;0.163325;0.022911;-0.026606
0;0;0;0;0;0;1;35;35;4774
0.112164;0.160734;0.024555;-0.024015
0;0;0;0;0;0;1;35;35;4797
0.114588;0.158394;0.022131;-0.021675
0;0;0;0;0;0;1;33;37;4804
0.116772;0.156280;0.012135;-0.011749
0;0;0;0;0;0;1;31;39;4848
0.117968;0.155134;0.003125;-0.002790
0;0;0;0;0;0;1;29;41;4825
0.118277;0.154861;-0.004995;0.005295
0;0;0;0;0;0;1;29;41;4818
0.117784;0.155378;-0.004503;0.004778
0;0;0;0;0;0;1;29;41;4774
0.117340;0.155844;-0.004059;0.004312
0;0;0;0;0;0;1;29;41;4825
0.116940;0.156265;-0.003658;0.003891
0;0;0;0;0;0;1;31;39;4848
0.116579;0.156645;0.004515;-0.004301
0;0;0;0;0;0;1;32;37;4863
0.117024;0.156225;0.007976;-0.011694
0;0;0;0;0;0;1;35;35;4818
0.117811;0.155084;0.018908;-0.018365
0;0;0;0;0;0;1;35;35;4812
0.119675;0.153291;0.017044;-0.016573
0;0;0;0;0;0;0;35;35;4840
0.121354;0.151672;0.015364;-0.014954
0;0;0;0;0;0;0;35;35;4833
0.122868;0.150211;0.013851;-0.013492
0;0;0;0;0;0;0;35;35;4840
0.124232;0.148892;0.012487;-0.012173
0;0;0;0;0;0;0;35;35;4818
0.125461;0.147702;0.011258;-0.010983
0;0;0;0;0;0;0;36;34;4797
0.126569;0.146627;0.014056;-0.013815
0;0;0;0;0;0;0;35;35;4855
0.127952;0.145275;0.008767;-0.008556
0;0;0;0;0;0;0;35;35;4818
0.128814;0.144437;0.007905;-0.007719
0;0;0;0;0;0;0;35;35;4833
0.129591;0.143681;0.007127;-0.006963
0;0;0;0;0;0;0;35;35;4848
0.130292;0.142999;0.006427;-0.006281
0;0;0;0;0;0;0;32;37;4812
0.130924;0.142384;-0.005924;0.002147
0;0;0;0;0;0;0;32;37;4840
0.130341;0.142595;-0.005341;0.001937
0;0;0;0;0;0;0;33;37;4804
0.129817;0.142784;-0.000910;0.001747
0;0;0;0;0;0;0;34;36;4797
0.129817;0.142955;0.002996;-0.002330
0;0;0;0;0;0;0;33;37;4818
0.130111;0.142727;-0.001205;0.001804
0;0;0;0;0;0;0;33;37;4825
0.129992;0.142904;-0.001086;0.001627
0;0;0;0;0;0;0;32;37;4833
0.129886;0.143063;-0.004886;0.001468
0;0;0;0;0;0;0;33;37;4759
0.129405;0.143207;-0.000499;0.001324
0;0;0;0;0;0;0;33;37;4812
0.129405;0.143337;-0.000499;0.001194
0;0;0;0;0;0;0;33;37;4825
0.129405;0.143454;-0.000499;0.001077
0;0;0;0;0;0;0;32;37;4767
0.129405;0.143559;-0.004405;0.000972
0;0;0;0;0;0;0;31;39;4759
0.128972;0.143559;-0.007878;0.008784
0;0;0;0;0;0;0;27;43;4848
0.128197;0.144420;-0.022729;0.023549
0;0;0;0;0;0;0;23;47;4797
0.125961;0.146725;-0.036117;0.036869
0;0;0;0;0;0;0;23;47;4855
0.122405;0.150330;-0.032561;0.033264
0;0;0;0;0;0;0;21;49;4767
0.119197;0.153580;-0.037165;0.037827
0;0;0;0;0;0;0;23;47;4818
0.115531;0.157271;-0.025688;0.026323
0;0;0;0;0;0;0;23;47;4797
0.112996;0.159837;-0.023152;0.023757
0;0;0;0;0;0;0;23;47;4818
0.110710;0.162151;-0.020866;0.021443
0;0;0;0;0;0;0;23;47;4848
0.108648;0.164238;-0.018805;0.019355
0;0;0;0;0;0;0;22;46;4863
0.106790;0.166121;-0.020852;0.013567
0;0;0;0;0;0;0;24;46;4840
0.104728;0.167440;-0.010978;0.012248
0;0;0;0;0;0;0;27;43;4797
0.103642;0.168630;0.001827;-0.000661
0;0;0;0;0;0;0;31;39;4825
0.103823;0.168630;0.017271;-0.016286
0;0;0;0;0;0;0;35;35;4848
0.105531;0.167047;0.031188;-0.030328
0;0;0;0;0;0;0;34;35;4767
0.108614;0.164098;0.024199;-0.027379
0;0;0;0;0;0;0;38;38;4812
0.111004;0.161432;0.037433;-0.012995
0;0;0;0;0;0;0;38;38;4840
0.114700;0.160166;0.033737;-0.011729
0;0;0;0;0;0;0;37;38;4840
0.118028;0.159023;0.026503;-0.010586
0;0;0;0;0;0;0;37;38;4812
0.120641;0.157991;0.023890;-0.009554
0;0;0;0;0;0;0;38;39;4855
0.122994;0.157060;0.025443;-0.004716
0;0;0;0;0;0;0;37;38;4840
0.125499;0.156600;0.019032;-0.008162
0;0;0;0;0;0;0;34;42;4825
0.127372;0.155804;0.005440;0.008259
0;0;0;0;0;0;0;30;46;4848
0.127907;0.156609;-0.010720;0.023078
0;0;0;0;0;0;0;24;52;4782
0.126853;0.158860;-0.033103;0.044265
0;0;0;0;0;0;0;21;54;4848
0.123594;0.163171;-0.041563;0.047766
0;0;0;0;0;0;0;20;56;4840
0.119499;0.167817;-0.041374;0.050933
0;0;0;0;0;0;0;20;56;4833
0.115419;0.172763;-0.037294;0.045987
0;0;0;0;0;0;0;19;55;4848
0.111738;0.177221;-0.037519;0.037623
0;0;0;0;0;0;0;20;56;4818
0.108031;0.180862;-0.029906;0.037888
0;0;0;0;0;0;0;19;55;4825
0.105075;0.184525;-0.030856;0.030319
0;0;0;0;0;0;0;22;54;4870
0.102022;0.187452;-0.016085;0.023486
0;0;0;0;0;0;0;31;50;4855
0.100430;0.189717;0.020664;0.005596
0;0;0;0;0;0;0;43;39;4840
0.102475;0.190256;0.065494;-0.037912
0;0;0;0;0;0;0;42;39;4825
0.108951;0.186600;0.055111;-0.034256
0;0;0;0;0;0;0;44;36;4848
0.114394;0.183291;0.057481;-0.042666
0;0;0;0;0;0;0;48;33;4789
0.120063;0.179165;0.067437;-0.050258
0;0;0;0;0;0;0;50;31;4833
0.126704;0.174296;0.068609;-0.053202
1;1;1;0;0;0;0;56;25;4812
0.319332;0.231426;-0.100582;-0.133769
1;1;1;1;0;0;0;64;17;4797
0.283276;0.197345;-0.033276;-0.130939
1;0;1;1;0;0;0;66;15;4840
0.214775;0.141542;0.043037;-0.082949
0;0;0;1;0;0;0;68;13;4812
0.126040;0.131632;0.139585;-0.080851
0;0;0;0;0;0;0;70;11;4797
0.138235;0.127230;0.135202;-0.084261
0;0;0;0;0;0;0;70;11;4767
0.151471;0.118931;0.121966;-0.075962
0;0;0;0;0;0;0;68;13;4774
0.163366;0.111436;0.102259;-0.060654
0;0;0;0;0;0;0;68;13;4812
0.173302;0.105442;0.092323;-0.054660
0;0;0;1;0;0;0;68;13;4825
0.197189;0.088444;0.068436;-0.037663
0;0;0;1;0;0;0;66;15;4848
0.210308;0.080966;0.047505;-0.022372
0;0;0;1;0;0;0;66;15;4782
0.219370;0.076519;0.038443;-0.017925
0;0;0;0;0;0;0;64;17;4789
0.197125;0.092309;0.052875;-0.025903
0;0;1;0;0;0;0;58;23;4774
0.304598;0.093305;-0.078036;-0.003461
0;0;0;0;0;0;0;44;32;4774
0.194705;0.089397;-0.022830;0.035603
0;1;0;0;0;0;0;37;33;4812
0.246207;0.084991;-0.101675;0.043915
0;1;0;0;0;0;0;11;8;4848
0.227011;0.093704;-0.184042;-0.062454
0;1;0;0;0;0;0;0;-3;4797
0.191821;0.081309;-0.191821;-0.093028
0;1;0;0;0;0;0;0;-3;4789
0.154613;0.062801;-0.154613;-0.074519
0;1;0;0;0;0;0;0;-3;4863
0.124294;0.047943;-0.124294;-0.059662
0;1;0;0;0;0;0;0;-3;4825
0.099749;0.036031;-0.099749;-0.047750
0;1;0;0;0;0;0;0;-3;4818
0.079961;0.026491;-0.079961;-0.038210
0;1;0;0;0;0;0;0;-3;4825
0.064052;0.018853;-0.064052;-0.030572
0;1;0;0;0;0;0;0;-3;4855
0.051284;0.012740;-0.051284;-0.024459
0;1;0;0;0;0;0;-1;-1;4855
0.041049;0.007849;-0.044956;-0.011755
0;1;0;0;0;0;0;0;-3;4855
0.032070;0.005498;-0.032070;-0.017217
0;1;0;0;0;0;0;0;-3;4848
0.025662;0.002055;-0.025662;-0.013773
0;1;0;0;0;0;0;0;-3;4840
0.020532;-0.000700;-0.020532;-0.011019
0;1;0;0;0;0;0;0;-3;4840
0.016427;-0.002904;-0.016427;-0.008815
0;1;0;0;0;0;0;-1;-1;4855
0.013142;-0.004667;-0.017049;0.000760
0;1;0;0;0;0;0;0;-3;4863
0.009733;-0.004667;-0.009733;-0.007052
0;1;0;0;0;0;0;0;-3;4855
0.007787;-0.006077;-0.007787;-0.005642
0;1;0;0;0;0;0;0;-3;4855
0.006229;-0.007205;-0.006229;-0.004513
0;1;0;0;0;0;0;0;-3;4848
0.004984;-0.008108;-0.004984;-0.003611
0;1;0;0;0;0;0;-1;-1;4855
0.003987;-0.008830;-0.007893;0.004924
0;1;0;0;0;0;0;0;-3;4855
0.002408;-0.007845;-0.002408;-0.003873
0;1;0;0;0;0;0;0;-3;4818
0.001927;-0.008620;-0.001927;-0.003099
0;1;0;0;0;0;0;0;-3;4818
0.001541;-0.009240;-0.001541;-0.002479
0;1;0;0;0;0;0;-1;-1;4848
0.001233;-0.009735;-0.005139;0.005829
0;1;0;0;0;0;0;-1;-1;4863
0.000205;-0.008570;-0.004111;0.004663
0;1;0;0;0;0;0;1;-2;4840
-0.000617;-0.007637;0.004523;-0.000175
0;1;0;0;0;0;0;0;-3;4825
0.000288;-0.007637;-0.000288;-0.004082
0;1;0;0;0;0;0;0;-3;4833
0.000288;-0.008453;-0.000288;-0.003265
0;1;0;0;0;0;0;0;-3;4774
0.000288;-0.009106;-0.000288;-0.002612
0;1;0;0;0;0;0;-1;-1;4833
0.000288;-0.009629;-0.004194;0.005722
0;1;0;0;0;0;0;0;-3;4812
-0.000551;-0.008484;0.000551;-0.003234
0;1;0;0;0;0;0;-1;-1;4855
-0.000551;-0.009131;-0.003355;0.005225
0;1;0;0;0;0;0;0;-3;4833
-0.001222;-0.008086;0.001222;-0.003632
0;1;0;0;0;0;0;0;-3;4797
-0.000978;-0.008813;0.000978;-0.002906
0;1;0;0;0;0;0;0;-3;4833
-0.000978;-0.009394;0.000978;-0.002325
0;1;0;0;0;0;0;-1;-1;4789
-0.000978;-0.009859;-0.002928;0.005953
0;1;0;0;0;0;0;0;-3;4855
-0.001564;-0.008668;0.001564;-0.003050
0;1;0;0;0;0;0;0;-3;4848
-0.001251;-0.009278;0.001251;-0.002440
0;1;0;0;0;0;0;0;-3;4863
-0.001001;-0.009766;0.001001;-0.001952
0;1;0;0;0;0;0;0;-3;4789
-0.000801;-0.010157;0.000801;-0.001562
0;1;0;0;0;0;0;0;-3;4840
-0.000801;-0.010469;0.000801;-0.001250
0;1;0;0;0;0;0;-1;-1;4863
-0.000801;-0.010719;-0.003106;0.006813
0;1;0;0;0;0;0;-1;-1;4825
-0.001422;-0.009357;-0.002485;0.005450
0;1;0;0;0;0;0;0;-3;4848
-0.001918;-0.008267;0.001918;-0.003452
0;1;0;0;0;0;0;0;-3;4825
-0.001535;-0.008957;0.001535;-0.002762
0;1;0;0;0;0;0;0;-3;4840
-0.001228;-0.009509;0.001228;-0.002209
0;1;0;0;0;0;0;0;-3;4797
-0.000982;-0.009951;0.000982;-0.001768
0;1;0;0;0;0;0;-1;-1;4789
-0.000982;-0.010305;-0.002924;0.006398
0;1;0;0;0;0;0;0;-3;4774
-0.001567;-0.009025;0.001567;-0.002694
0;1;0;0;0;0;0;0;-3;4789
-0.001254;-0.009564;0.001254;-0.002155
0;1;0;0;0;0;0;0;-3;4782
-0.001003;-0.009995;0.001003;-0.001724
0;1;0;0;0;0;0;0;-3;4782
-0.000802;-0.010339;0.000802;-0.001379
0;1;0;0;0;0;0;0;-3;4818
-0.000802;-0.010615;0.000802;-0.001103
0;1;0;0;0;0;0;0;-3;4848
-0.000802;-0.010836;0.000802;-0.000883
0;1;0;0;0;0;0;0;-3;4848
-0.000802;-0.010836;0.000802;-0.000883
0;1;0;0;0;0;0;0;-3;4789
-0.000802;-0.010836;0.000802;-0.000883
0;1;0;0;0;0;0;0;-3;4825
-0.000802;-0.010836;0.000802;-0.000883
0;1;0;0;0;0;0;0;-3;4848
-0.000802;-0.010836;0.000802;-0.000883
0;1;0;0;0;0;0;-1;-1;4848
-0.000802;-0.010836;-0.003104;0.006930
0;1;0;0;0;0;0;0;-3;4840
-0.001423;-0.009450;0.001423;-0.002269
0;1;0;0;0;0;0;0;-3;4833
-0.001139;-0.009904;0.001139;-0.001815
0;1;0;0;0;0;0;0;-3;4848
-0.000911;-0.010267;0.000911;-0.001452
0;1;0;0;0;0;0;0;-3;4863
-0.000911;-0.010557;0.000911;-0.001162
0;1;0;0;0;0;0;0;-3;4767
-0.000911;-0.010789;0.000911;-0.000929
0;1;0;0;0;0;0;0;-3;4855
-0.000911;-0.010789;0.000911;-0.000929
0;1;0;0;0;0;0;0;-3;4812
-0.000911;-0.010789;0.000911;-0.000929
0;1;0;0;0;0;0;0;-3;4840
-0.000911;-0.010789;0.000911;-0.000929
0;1;0;0;0;0;0;0;-3;4789
-0.000911;-0.010789;0.000911;-0.000929
0;1;0;0;0;0;0;0;-3;4848
-0.000911;-0.010789;0.000911;-0.000929
0;1;0;0;0;0;0;0;-3;4782
-0.000911;-0.010789;0.000911;-0.000929
0;1;0;0;0;0;0;0;-3;4774
-0.000911;-0.010789;0.000911;-0.000929
0;1;0;0;0;0;0;1;-3;4818
-0.000911;-0.010789;0.004817;-0.000929
0;1;0;0;0;0;0;0;-3;4840
0.000053;-0.010789;-0.000053;-0.000929
0;1;0;0;0;0;0;0;-3;4848
0.000053;-0.010789;-0.000053;-0.000929
0;1;0;0;0;0;0;0;-3;4812
0.000053;-0.010789;-0.000053;-0.000929
0;1;0;0;0;0;0;0;-3;4825
0.000053;-0.010789;-0.000053;-0.000929
0;1;0;0;0;0;0;0;-3;4833
0.000053;-0.010789;-0.000053;-0.000929
0;1;0;0;0;0;0;0;-3;4797
0.000053;-0.010789;-0.000053;-0.000929
0;1;0;0;0;0;0;0;-3;4848
0.000053;-0.010789;-0.000053;-0.000929
0;1;0;0;0;0;0;0;-3;4782
0.000053;-0.010789;-0.000053;-0.000929
0;1;0;0;0;0;0;0;-3;4840
0.000053;-0.010789;-0.000053;-0.000929
0;1;0;0;0;0;0;0;-3;4812
0.000053;-0.010789;-0.000053;-0.000929
0;1;0;0;0;0;0;0;-3;4797
0.000053;-0.010789;-0.000053;-0.000929
0;1;0;0;0;0;0;0;-3;4840
0.000053;-0.010789;-0.000053;-0.000929
0;1;0;0;0;0;0;0;-1;4863
0.000053;-0.010789;-0.000053;0.006883
0;1;0;0;0;0;0;0;-3;4855
0.000053;-0.009413;-0.000053;-0.002306
0;1;0;0;0;0;0;0;-3;4840
0.000053;-0.009874;-0.000053;-0.001845
0;1;0;0;0;0;0;0;-3;4759
0.000053;-0.010243;-0.000053;-0.001476
0;1;0;0;0;0;0;0;-3;4804
0.000053;-0.010538;-0.000053;-0.001181
0;1;0;0;0;0;0;0;-3;4804
0.000053;-0.010774;-0.000053;-0.000945
0;1;0;0;0;0;0;-1;-1;4840
0.000053;-0.010774;-0.003959;0.006868
0;1;0;0;0;0;0;0;-3;4855
-0.000739;-0.009401;0.000739;-0.002318
0;1;0;0;0;0;0;0;-3;4855
-0.000739;-0.009864;0.000739;-0.001854
0;1;0;0;0;0;0;0;-3;4855
-0.000739;-0.010235;0.000739;-0.001484
0;1;0;0;0;0;0;0;-3;4833
-0.000739;-0.010532;0.000739;-0.001187
0;1;0;0;0;0;0;0;-3;4833
-0.000739;-0.010769;0.000739;-0.000950
0;1;0;0;0;0;0;0;-3;4804
-0.000739;-0.010769;0.000739;-0.000950
0;1;0;0;0;0;0;0;-3;4855
-0.000739;-0.010769;0.000739;-0.000950
0;1;0;0;0;0;0;0;-3;4833
-0.000739;-0.010769;0.000739;-0.000950
0;1;0;0;0;0;0;0;-3;4797
-0.000739;-0.010769;0.000739;-0.000950
0;1;0;0;0;0;0;0;-3;4812
-0.000739;-0.010769;0.000739;-0.000950
0;1;0;0;0;0;0;0;-3;4855
-0.000739;-0.010769;0.000739;-0.000950
0;1;0;0;0;0;0;0;-3;4863
-0.000739;-0.010769;0.000739;-0.000950
0;1;0;0;0;0;0;0;-3;4767
-0.000739;-0.010769;0.000739;-0.000950
0;1;0;0;0;0;0;0;-3;4797
-0.000739;-0.010769;0.000739;-0.000950
0;1;0;0;0;0;0;0;0;4840
-0.000739;-0.010769;0.000739;0.010769
0;1;0;0;0;0;0;0;-3;4782
-0.000739;-0.008616;0.000739;-0.003103
0;1;0;0;0;0;0;0;-2;4848
-0.000739;-0.009236;0.000739;0.001424
0;1;0;0;0;0;0;-1;-1;4840
-0.000739;-0.008951;-0.003167;0.005045
0;1;0;0;0;0;0;0;-3;4848
-0.001373;-0.007942;0.001373;-0.003776
0;1;0;0;0;0;0;-1;-1;4812
-0.001098;-0.008698;-0.002808;0.004791
0;1;0;0;0;0;0;-1;-1;4863
-0.001660;-0.007740;-0.002247;0.003833
0;1;0;0;0;0;0;0;-3;4818
-0.002109;-0.006973;0.002109;-0.004746
0;1;0;0;0;0;0;-1;-1;4848
-0.001687;-0.007922;-0.002219;0.004016
0;1;0;0;0;0;0;0;-3;4774
-0.002131;-0.007119;0.002131;-0.004600
0;1;0;0;0;0;0;-1;-1;4812
-0.001705;-0.008039;-0.002201;0.004133
0;1;0;0;0;0;0;0;-3;4855
-0.002145;-0.007212;0.002145;-0.004506
0;1;0;0;0;0;0;-1;-1;4863
-0.001716;-0.008114;-0.002190;0.004207
0;1;0;0;0;0;0;-1;-1;4863
-0.002154;-0.007272;-0.001752;0.003366
0;1;0;0;0;0;0;-1;-1;4855
-0.002505;-0.006599;-0.001402;0.002693
0;1;0;0;0;0;0;0;-3;4863
-0.002785;-0.006060;0.002785;-0.005658
0;1;0;0;0;0;0;0;-3;4825
-0.002228;-0.007192;0.002228;-0.004527
0;1;0;0;0;0;0;0;-3;4812
-0.001782;-0.008097;0.001782;-0.003621
0;1;0;0;0;0;0;0;-3;4797
-0.001426;-0.008821;0.001426;-0.002897
0;1;0;0;0;0;0;-1;-1;4825
-0.001141;-0.009401;-0.002766;0.005495
0;1;0;0;0;0;0;0;-3;4848
-0.001694;-0.008302;0.001694;-0.003417
0;1;0;0;0;0;0;0;-3;4833
-0.001355;-0.008985;0.001355;-0.002734
0;1;0;0;0;0;0;0;-3;4863
-0.001084;-0.009532;0.001084;-0.002187
