0;0;1;0;0;61;100;-1;-1;4825
-0.005065;-0.003891;0.001159;-0.000015
0;0;1;0;0;61;100;-1;-1;4884
-0.004833;-0.003891;0.000927;-0.000015
0;0;1;0;0;60;99;-1;-1;4876
-0.004833;-0.003891;0.000927;-0.000015
0;0;1;0;0;64;100;-1;-1;4863
-0.004833;-0.003891;0.000927;-0.000015
0;0;1;0;0;60;100;-1;-1;4848
-0.004833;-0.003891;0.000927;-0.000015
0;0;1;0;0;65;100;-1;-1;4855
-0.004833;-0.003891;0.000927;-0.000015
0;0;1;0;0;60;100;-1;-1;4870
-0.004833;-0.003891;0.000927;-0.000015
0;0;1;0;0;65;101;-1;-1;4825
-0.004833;-0.003891;0.000927;-0.000015
0;0;1;0;0;61;100;-1;-1;4891
-0.004833;-0.003891;0.000927;-0.000015
0;0;1;0;0;63;95;-1;-1;4825
-0.004833;-0.003891;0.000927;-0.000015
0;0;1;0;0;61;99;-1;-1;4863
-0.004833;-0.003891;0.000927;-0.000015
0;0;1;0;0;65;100;-1;-1;4884
-0.004833;-0.003891;0.000927;-0.000015
0;0;1;0;0;61;99;-2;-1;4876
-0.004833;-0.003891;-0.002979;-0.000015
0;0;1;0;0;65;100;-1;-1;4891
-0.005429;-0.003891;0.001523;-0.000015
0;0;1;0;0;66;99;-1;-1;4891
-0.005125;-0.003891;0.001218;-0.000015
0;0;1;0;0;69;100;-1;-2;4884
-0.004881;-0.003891;0.000975;-0.003921
0;0;1;0;0;64;99;-1;0;4876
-0.004881;-0.004675;0.000975;0.004675
0;0;1;0;0;62;100;-1;-1;4825
-0.004881;-0.003740;0.000975;-0.000166
0;0;1;0;0;60;100;-1;-1;4884
-0.004881;-0.003740;0.000975;-0.000166
0;0;1;0;0;61;99;-1;-1;4855
-0.004881;-0.003740;0.000975;-0.000166
0;0;1;0;0;61;100;-1;-1;4884
-0.004881;-0.003740;0.000975;-0.000166
0;0;1;0;0;66;99;-1;-1;4884
-0.004881;-0.003740;0.000975;-0.000166
0;0;1;0;0;60;100;-1;-1;4863
-0.004881;-0.003740;0.000975;-0.000166
0;0;1;0;0;59;99;-1;-1;4833
-0.004881;-0.003740;0.000975;-0.000166
0;0;1;0;0;60;96;-1;-1;4855
-0.004881;-0.003740;0.000975;-0.000166
0;0;1;0;0;56;100;-1;-1;4833
-0.004881;-0.003740;0.000975;-0.000166
0;0;1;0;0;65;99;-1;-1;4876
-0.004881;-0.003740;0.000975;-0.000166
0;0;1;0;0;61;100;-1;-1;4884
-0.004881;-0.003740;0.000975;-0.000166
0;0;1;0;0;65;99;-1;-1;4884
-0.004881;-0.003740;0.000975;-0.000166
0;0;1;0;0;61;99;-1;-1;4848
-0.004881;-0.003740;0.000975;-0.000166
0;0;1;0;0;64;99;-1;-1;4870
-0.004881;-0.003740;0.000975;-0.000166
0;0;1;0;0;56;96;-1;-1;4891
-0.004881;-0.003740;0.000975;-0.000166
0;0;1;0;0;59;100;-1;-1;4848
-0.004881;-0.003740;0.000975;-0.000166
0;0;1;0;0;65;99;-1;-1;4884
-0.004881;-0.003740;0.000975;-0.000166
0;0;1;0;0;56;100;-1;-1;4855
-0.004881;-0.003740;0.000975;-0.000166
0;0;1;0;0;64;96;-1;-1;4863
-0.004881;-0.003740;0.000975;-0.000166
0;0;1;0;0;65;100;-1;-1;4825
-0.004881;-0.003740;0.000975;-0.000166
0;0;1;0;0;56;100;-1;-1;4884
-0.004881;-0.003740;0.000975;-0.000166
0;0;1;0;0;62;99;-1;-1;4884
-0.004881;-0.003740;0.000975;-0.000166
0;0;1;0;0;65;100;1;1;4891
-0.004881;-0.003740;0.008787;0.007647
0;0;1;0;0;62;99;3;4;4891
-0.003124;-0.002211;0.014842;0.017836
0;0;1;0;0;73;100;3;3;4876
-0.000155;0.001356;0.011874;0.010362
0;0;1;0;0;68;100;3;4;4840
0.002220;0.003429;0.009499;0.012196
0;0;1;0;0;65;100;3;4;4812
0.004120;0.005868;0.007599;0.009757
0;0;1;0;0;61;100;4;4;4863
0.005639;0.007819;0.009986;0.007806
0;0;1;0;0;69;99;4;4;4870
0.007636;0.009380;0.007989;0.006245
0;0;1;0;0;57;100;3;4;4825
0.009234;0.010629;0.002485;0.004996
0;0;1;0;0;65;99;3;3;4833
0.009731;0.011628;0.001988;0.000091
0;0;1;0;0;65;100;3;4;4855
0.010128;0.011628;0.001590;0.003997
0;0;1;0;0;68;101;7;7;4855
0.010446;0.012428;0.016897;0.014916
0;0;1;0;0;70;99;6;7;4884
0.013825;0.015410;0.009612;0.011934
0;0;1;0;0;74;99;14;11;4884
0.015747;0.017796;0.038940;0.025173
0;0;1;0;0;69;95;15;15;4870
0.023532;0.022828;0.035061;0.035765
0;0;1;0;0;72;100;15;15;4876
0.030539;0.029977;0.028054;0.028617
0;0;1;0;0;73;99;15;15;4825
0.036144;0.035694;0.022450;0.022900
0;0;1;0;0;65;100;15;15;4848
0.040627;0.040267;0.017966;0.018327
0;0;1;0;0;72;96;15;15;4884
0.044214;0.043926;0.014380;0.014668
0;0;1;0;0;65;100;15;15;4848
0.047084;0.046854;0.011510;0.011740
0;0;1;0;0;77;100;15;17;4884
0.049381;0.049196;0.009213;0.017210
0;0;1;0;0;65;99;15;15;4855
0.051219;0.052629;0.007375;0.005965
0;0;1;0;0;72;100;18;18;4855
0.052690;0.053819;0.017623;0.016494
0;0;1;0;0;61;96;18;18;4848
0.056204;0.057107;0.014109;0.013205
0;0;1;0;0;63;100;18;18;4812
0.059016;0.059739;0.011296;0.010573
0;0;1;0;0;64;100;18;18;4863
0.061267;0.061846;0.009045;0.008466
0;0;1;0;0;80;100;18;18;4812
0.063069;0.063533;0.007243;0.006780
0;0;1;0;0;65;100;18;18;4870
0.064512;0.064883;0.005801;0.005429
0;0;1;0;0;73;101;17;19;4797
0.065667;0.065964;0.000739;0.008254
0;0;1;0;0;61;99;18;18;4818
0.065667;0.067608;0.004645;0.002705
0;0;1;0;0;69;99;21;21;4855
0.066592;0.068146;0.015439;0.013885
0;0;1;0;0;59;100;21;21;4855
0.069666;0.070910;0.012365;0.011121
0;0;1;0;0;64;99;23;24;4863
0.072126;0.073123;0.017717;0.020627
0;0;1;0;0;63;99;26;27;4855
0.075650;0.077225;0.025912;0.028244
0;0;1;0;0;68;100;26;27;4870
0.080801;0.082837;0.020761;0.022631
0;1;1;0;0;77;99;26;27;4825
0.053269;0.061266;0.048293;0.044203
0;1;1;0;0;73;100;26;26;4855
0.067704;0.074466;0.033858;0.027097
0;1;1;0;0;68;100;25;26;4848
0.077808;0.082545;0.019848;0.019018
0;1;1;0;0;72;100;26;27;4848
0.083723;0.088208;0.017839;0.017260
0;1;0;0;0;77;105;26;27;4812
-0.021286;0.080714;0.122849;0.024755
0;1;0;0;0;73;103;26;26;4870
0.003281;0.085630;0.098282;0.015932
0;1;0;0;0;72;103;26;26;4899
0.022933;0.088793;0.078630;0.012770
0;1;0;0;0;68;103;27;26;4833
0.038644;0.091326;0.066825;0.010237
0;1;0;0;0;68;104;26;26;4863
0.051981;0.093356;0.049581;0.008207
0;1;0;0;0;68;107;26;26;4855
0.061865;0.094983;0.039697;0.006580
0;1;0;0;0;79;104;26;27;4840
0.069770;0.096286;0.031792;0.009182
0;1;0;0;0;76;103;29;30;4863
0.076095;0.098106;0.037186;0.019082
0;1;0;0;0;83;103;32;32;4840
0.083485;0.101884;0.041515;0.023116
0;1;0;0;0;71;104;35;35;4812
0.091724;0.106457;0.044995;0.030262
0;1;0;0;0;89;103;35;35;4818
0.100640;0.112437;0.036079;0.024282
0;1;0;0;0;73;103;35;35;4863
0.107777;0.117229;0.028942;0.019490
0;1;0;0;0;85;103;35;35;4833
0.113494;0.121072;0.023224;0.015647
0;1;0;0;0;76;100;35;35;4870
0.118077;0.124154;0.018642;0.012565
0;1;0;0;0;85;100;35;35;4884
0.121752;0.126627;0.014967;0.010091
0;1;0;0;0;77;100;35;34;4884
0.124700;0.128613;0.012019;0.004200
0;1;0;0;0;84;103;35;35;4825
0.127065;0.129439;0.009653;0.007280
0;1;0;0;0;80;103;32;32;4863
0.128964;0.130870;-0.003964;-0.005870
0;1;0;0;0;89;100;32;32;4863
0.128185;0.129716;-0.003185;-0.004716
0;1;0;0;0;85;100;32;32;4812
0.127558;0.128789;-0.002558;-0.003789
0;1;0;0;0;92;103;32;32;4848
0.127055;0.128043;-0.002055;-0.003043
0;1;0;0;0;85;107;32;32;4855
0.126651;0.127445;-0.001651;-0.002445
0;1;0;0;0;88;104;32;32;4767
0.126326;0.126964;-0.001326;-0.001964
0;1;0;0;0;93;103;32;32;4863
0.126065;0.126577;-0.001065;-0.001577
0;1;0;0;0;93;100;32;32;4833
0.125855;0.126267;-0.000855;-0.001267
0;1;0;0;0;96;104;32;32;4833
0.125855;0.126017;-0.000855;-0.001017
0;1;0;0;0;93;103;32;32;4848
0.125855;0.125817;-0.000855;-0.000817
0;1;0;0;0;99;103;32;32;4870
0.125855;0.125817;-0.000855;-0.000817
0;1;0;0;0;97;108;32;32;4863
0.125855;0.125817;-0.000855;-0.000817
0;1;0;0;0;105;108;32;32;4863
0.125855;0.125817;-0.000855;-0.000817
0;0;0;0;0;105;109;32;32;4818
0.072318;0.118581;0.052682;0.006419
0;1;0;0;0;109;103;32;32;4870
0.131036;0.126449;-0.006036;-0.001449
0;1;0;0;0;108;103;32;32;4876
0.129850;0.126164;-0.004850;-0.001164
0;1;0;0;0;112;103;32;32;4848
0.128896;0.125935;-0.003896;-0.000935
0;1;0;0;0;108;103;32;32;4863
0.128130;0.125935;-0.003130;-0.000935
0;1;0;0;0;113;103;32;32;4891
0.127514;0.125935;-0.002514;-0.000935
0;1;0;0;0;113;100;32;32;4884
0.127019;0.125935;-0.002019;-0.000935
0;1;0;0;0;113;92;34;30;4876
0.126622;0.125935;0.006191;-0.008747
0;1;0;0;0;113;92;34;30;4870
0.127840;0.124213;0.004973;-0.007025
0;1;0;0;0;120;92;34;30;4840
0.128818;0.122829;0.003994;-0.005642
0;0;0;0;0;124;96;34;31;4812
0.076832;0.116845;0.055980;0.004249
0;0;0;0;0;129;92;34;30;4855
0.082395;0.117264;0.050418;-0.000076
0;0;0;0;0;135;92;34;30;4870
0.087400;0.117264;0.045412;-0.000076
1;0;0;0;0;138;92;33;29;4855
0.040996;0.136282;0.087910;-0.023001
1;0;0;0;0;138;92;34;30;4855
0.058534;0.131765;0.074279;-0.014577
1;0;0;0;0;143;96;34;30;4863
0.073325;0.128899;0.059488;-0.011711
1;0;0;0;0;146;100;34;30;4833
0.085148;0.126595;0.047665;-0.009407
1;0;0;0;0;150;112;34;31;4825
0.094603;0.124743;0.038209;-0.003649
1;0;0;0;0;150;112;34;30;4818
0.102171;0.124024;0.030641;-0.006837
1;0;0;0;0;156;108;34;30;4804
0.108232;0.122678;0.024581;-0.005490
1;0;0;0;0;157;103;34;31;4855
0.113088;0.121596;0.019725;-0.000502
1;0;0;0;0;163;103;34;31;4855
0.116980;0.121596;0.015832;-0.000502
1;0;0;0;0;166;103;34;30;4863
0.120102;0.121596;0.012710;-0.004409
1;0;0;0;0;169;107;34;30;4848
0.122607;0.120727;0.010206;-0.003540
1;0;0;0;0;172;103;34;30;4797
0.124617;0.120030;0.008196;-0.002842
1;0;0;0;0;177;108;34;31;4818
0.126230;0.119469;0.006582;0.001624
1;0;0;0;0;184;99;34;30;4833
0.127525;0.119790;0.005287;-0.002602
1;0;0;0;0;185;88;36;28;4825
0.128566;0.119277;0.012059;-0.009902
1;0;0;0;0;190;73;36;29;4797
0.130937;0.117324;0.009688;-0.004043
1;0;0;0;0;198;56;38;27;4891
0.132841;0.116527;0.015597;-0.011058
1;0;0;0;0;206;44;38;26;4855
0.135904;0.114345;0.012534;-0.012782
0;0;0;0;0;208;31;40;25;4812
0.140351;0.104995;0.015899;-0.007339
0;0;0;0;0;216;28;40;25;4825
0.141909;0.104269;0.014341;-0.006613
0;0;0;0;0;224;97;40;24;4833
0.143314;0.103615;0.012936;-0.009865
0;0;0;0;0;243;168;44;20;4848
0.144581;0.102639;0.027294;-0.024514
0;0;0;0;0;295;179;46;18;4840
0.147252;0.100213;0.032435;-0.029900
0;0;0;0;0;294;201;46;18;4863
0.150424;0.097252;0.029263;-0.026939
0;0;0;0;0;217;216;46;19;4840
0.153283;0.094583;0.026405;-0.020364
0;0;0;0;0;148;231;46;18;4812
0.155860;0.092564;0.023827;-0.022252
0;0;0;0;0;101;252;46;18;4804
0.158184;0.090358;0.021503;-0.020045
0;0;0;0;0;3;267;46;18;4863
0.160280;0.088369;0.019407;-0.018057
0;0;0;0;0;3;287;48;17;4825
0.162170;0.086577;0.025330;-0.020171
0;0;0;0;0;28;297;48;16;4833
0.164636;0.084575;0.022864;-0.022075
0;0;0;0;0;71;317;46;18;4804
0.166859;0.082383;0.012828;-0.012070
0;0;0;0;0;84;327;46;18;4789
0.168106;0.081184;0.011581;-0.010871
0;0;0;0;0;92;339;46;18;4774
0.169231;0.080104;0.010456;-0.009791
0;0;0;0;0;92;359;46;18;4782
0.170247;0.079131;0.009441;-0.008818
0;0;0;0;0;62;460;48;17;4774
0.171163;0.078254;0.016337;-0.011848
0;0;0;0;0;76;389;48;16;4833
0.172749;0.077077;0.014751;-0.014577
0;0;0;0;0;56;189;46;19;4848
0.174179;0.075628;0.005508;-0.001409
0;0;0;0;0;72;137;46;19;4833
0.174713;0.075488;0.004974;-0.001269
0;0;0;0;0;56;124;44;20;4833
0.175196;0.075362;-0.003321;0.002763
0;0;0;0;0;72;120;34;30;4825
0.174874;0.075636;-0.042061;0.041551
0;0;0;0;0;61;109;32;32;4833
0.170793;0.079766;-0.045793;0.045234
0;0;0;0;0;72;108;32;32;4825
0.166344;0.084259;-0.041344;0.040741
0;0;0;0;0;64;108;32;32;4825
0.162321;0.088303;-0.037321;0.036697
0;0;0;0;0;64;108;32;32;4825
0.158685;0.091943;-0.033685;0.033057
0;0;0;0;0;68;115;32;32;4825
0.155400;0.095220;-0.030400;0.029780
0;0;0;0;0;55;111;32;32;4833
0.152432;0.098170;-0.027432;0.026830
0;0;0;0;0;60;112;32;32;4863
0.149751;0.100826;-0.024751;0.024174
0;0;0;0;0;52;121;32;32;4797
0.147331;0.103218;-0.022331;0.021782
0;0;0;0;0;60;115;28;36;4840
0.145146;0.105373;-0.035771;0.035252
0;0;0;0;0;51;124;24;40;4825
0.141642;0.108858;-0.047892;0.047392
0;0;0;0;0;72;120;20;44;4752
0.136946;0.113538;-0.058821;0.058337
0;0;0;0;0;68;115;18;46;4818
0.131169;0.119293;-0.060857;0.060395
0;0;0;0;0;77;132;18;46;4840
0.125184;0.125242;-0.054871;0.054445
0;0;0;0;0;71;129;16;48;4812
0.119779;0.130597;-0.057279;0.056902
0;0;0;0;0;77;136;16;48;4855
0.114129;0.136187;-0.051629;0.051313
0;0;0;0;0;80;144;16;48;4804
0.109031;0.141219;-0.046531;0.046281
0;0;0;0;0;61;148;16;48;4863
0.104431;0.145752;-0.041931;0.041748
0;0;0;0;0;64;132;17;47;4855
0.100282;0.149835;-0.033875;0.033758
0;0;0;0;0;18;148;16;48;4863
0.096927;0.153134;-0.034427;0.034366
0;0;0;0;0;27;167;16;48;4833
0.093516;0.156488;-0.031016;0.031012
0;0;0;0;0;18;184;16;48;4840
0.090440;0.159512;-0.027940;0.027988
0;0;0;0;0;81;209;16;48;4825
0.087668;0.162238;-0.025168;0.025262
0;0;0;0;0;71;236;16;48;4833
0.085170;0.164697;-0.022670;0.022803
0;0;0;0;0;81;309;18;46;4840
0.082919;0.166915;-0.012607;0.012773
0;0;0;0;0;84;327;18;46;4825
0.081667;0.168156;-0.011355;0.011532
0;0;0;0;0;61;240;20;44;4833
0.080539;0.169276;-0.002414;0.002599
0;0;0;0;0;87;212;24;40;4825
0.080299;0.169529;0.013451;-0.013279
0;0;0;0;0;64;244;30;34;4855
0.081636;0.168239;0.035552;-0.035426
0;0;0;0;0;106;259;33;37;4789
0.085166;0.164794;0.043740;-0.020263
0;0;0;0;0;59;275;31;39;4818
0.089507;0.162822;0.031587;-0.010479
0;0;0;0;0;93;279;27;43;4848
0.092639;0.161802;0.012830;0.006167
0;0;0;0;0;55;283;23;49;4797
0.093911;0.162402;-0.004067;0.029004
0;0;0;0;0;89;298;23;47;4863
0.093508;0.165225;-0.003664;0.018369
0;0;0;0;0;72;308;23;47;4870
0.093145;0.167011;-0.003301;0.016582
0;0;0;0;0;72;328;25;45;4863
0.092817;0.168623;0.004839;0.007158
0;0;0;0;0;80;343;29;41;4818
0.093297;0.169318;0.019984;-0.009162
0;0;0;0;0;80;361;33;37;4863
0.095278;0.168428;0.033629;-0.023897
0;0;0;0;0;81;369;33;37;4863
0.098609;0.166105;0.030297;-0.021574
0;0;0;0;0;60;377;35;35;4863
0.101608;0.164007;0.035111;-0.027288
0;0;0;0;0;85;385;35;35;4884
0.105082;0.161350;0.031637;-0.024631
0;0;0;0;0;40;388;35;35;4863
0.108210;0.158950;0.028509;-0.022231
0;0;0;0;0;88;392;34;35;4840
0.111026;0.156782;0.021786;-0.020064
0;0;0;0;0;71;396;35;35;4863
0.113177;0.154825;0.023541;-0.018106
0;0;0;0;0;105;400;35;35;4876
0.115501;0.153057;0.021218;-0.016338
0;0;0;0;0;105;403;35;35;4863
0.117594;0.151461;0.019125;-0.014742
0;0;0;0;0;150;403;35;35;4840
0.119479;0.150020;0.017239;-0.013302
0;0;0;0;0;109;408;35;35;4855
0.121178;0.148720;0.015540;-0.012001
0;0;0;0;0;11;410;35;35;4863
0.122709;0.147546;0.014009;-0.010827
0;0;0;0;0;5;415;35;35;4863
0.124089;0.146487;0.012630;-0.009768
0;0;0;0;0;6;417;35;35;4738
0.125332;0.145531;0.011386;-0.008812
0;0;0;0;0;15;425;34;35;4870
0.126453;0.144668;0.006360;-0.007949
0;0;0;0;0;87;428;35;35;4840
0.127079;0.143890;0.009640;-0.007171
0;0;0;0;0;119;438;34;35;4863
0.128027;0.143187;0.004786;-0.006469
0;0;0;0;0;110;479;34;35;4812
0.128498;0.142554;0.004315;-0.005835
0;0;0;0;0;101;521;32;37;4855
0.128922;0.141982;-0.003922;0.002549
0;0;0;0;0;93;497;32;37;4863
0.128536;0.142232;-0.003536;0.002299
0;0;0;0;0;81;403;33;37;4863
0.128189;0.142457;0.000718;0.002074
0;0;0;0;0;97;180;33;37;4870
0.128189;0.142660;0.000718;0.001871
0;0;0;0;0;64;123;35;35;4855
0.128189;0.142843;0.008530;-0.006125
0;0;0;0;0;103;103;35;35;4848
0.129027;0.142244;0.007691;-0.005525
0;0;0;0;0;77;99;35;35;4825
0.129784;0.141702;0.006935;-0.004984
0;0;0;0;0;89;99;35;35;4804
0.130465;0.141214;0.006253;-0.004495
0;0;0;0;0;88;100;32;32;4833
0.131080;0.140773;-0.006080;-0.015773
0;0;0;0;0;76;99;32;32;4797
0.130482;0.139227;-0.005482;-0.014227
0;0;0;0;0;84;96;32;32;4863
0.129944;0.137831;-0.004944;-0.012831
0;0;0;0;0;55;103;32;32;4863
0.129458;0.136572;-0.004458;-0.011572
0;0;0;0;0;88;96;32;32;4797
0.129019;0.135437;-0.004019;-0.010437
0;0;0;0;0;56;99;32;32;4855
0.128624;0.134412;-0.003624;-0.009412
0;0;0;0;0;85;99;32;32;4870
0.128268;0.133488;-0.003268;-0.008488
0;0;0;0;0;65;103;32;32;4833
0.127946;0.132654;-0.002946;-0.007654
0;0;0;0;0;73;99;32;32;4840
0.127656;0.131902;-0.002656;-0.006902
0;0;0;0;0;81;103;32;32;4863
0.127395;0.131224;-0.002395;-0.006224
0;0;0;0;0;68;104;32;32;4812
0.127160;0.130612;-0.002160;-0.005612
0;0;0;0;0;117;104;32;32;4863
0.126947;0.130060;-0.001947;-0.005060
0;0;0;0;0;93;99;30;34;4884
0.126755;0.129563;-0.009568;0.003250
0;0;0;0;0;150;108;33;37;4863
0.125814;0.129882;0.003092;0.014649
0;0;0;0;0;138;103;31;39;4863
0.126118;0.131322;-0.005024;0.021021
0;0;0;0;0;108;99;29;41;4804
0.125624;0.133388;-0.012342;0.026769
0;0;0;0;0;3;100;25;45;4870
0.124409;0.136016;-0.026752;0.039765
0;0;0;0;0;3;96;23;47;4863
0.121774;0.139917;-0.031930;0.043677
0;0;0;0;0;3;92;20;44;4870
0.118627;0.144196;-0.040502;0.027679
0;0;0;0;0;31;92;20;42;4863
0.114632;0.146905;-0.036507;0.017157
0;0;0;0;0;105;88;22;42;4863
0.111028;0.148584;-0.025090;0.015479
0;0;0;0;0;105;92;25;45;4840
0.108549;0.150097;-0.010893;0.025684
0;0;0;0;0;125;88;25;45;4833
0.107472;0.152607;-0.009816;0.023175
0;0;0;0;0;89;92;25;45;4863
0.106502;0.154869;-0.008846;0.020912
0;0;0;0;0;89;91;25;45;4863
0.105627;0.156910;-0.007971;0.018872
0;0;0;0;0;97;88;25;45;4870
0.104839;0.158750;-0.007183;0.017032
0;0;0;0;0;66;88;22;42;4833
0.104129;0.160410;-0.018191;0.003653
0;0;0;0;0;101;84;22;42;4870
0.102329;0.160765;-0.016391;0.003297
0;0;0;0;0;85;80;22;42;4825
0.100707;0.161087;-0.014769;0.002976
0;0;0;0;0;100;76;22;42;4738
0.099245;0.161377;-0.013307;0.002686
0;0;0;0;0;78;68;22;42;4833
0.097927;0.161638;-0.011989;0.002424
0;0;0;0;0;91;71;22;42;4812
0.096739;0.161874;-0.010802;0.002188
0;0;0;0;0;86;76;20;44;4870
0.095669;0.162087;-0.017544;0.009788
0;0;0;0;0;61;79;20;44;4870
0.093931;0.163040;-0.015806;0.008835
0;0;0;0;0;85;88;20;44;4870
0.092364;0.163900;-0.014239;0.007975
0;0;0;0;0;64;99;20;44;4812
0.090952;0.164676;-0.012827;0.007199
0;0;0;0;0;80;109;20;44;4848
0.089680;0.165376;-0.011555;0.006499
0;0;0;0;0;65;149;20;44;4884
0.088533;0.166008;-0.010408;0.005867
0;0;0;0;0;81;173;20;44;4812
0.087500;0.166579;-0.009375;0.005296
0;0;0;0;0;73;205;20;44;4876
0.086570;0.167094;-0.008445;0.004781
0;0;0;0;0;68;222;20;44;4863
0.085732;0.167558;-0.007607;0.004317
0;0;0;0;0;89;205;20;44;4863
0.084977;0.167978;-0.006852;0.003897
0;0;0;0;0;78;197;22;42;4848
0.084296;0.168357;0.001641;-0.004294
0;0;0;0;0;116;201;22;42;4863
0.084459;0.167939;0.001478;-0.003877
0;0;0;0;0;86;209;22;42;4870
0.084606;0.167563;0.001331;-0.003500
0;0;0;0;0;76;216;22;42;4855
0.084738;0.167222;0.001199;-0.003160
0;0;0;0;0;65;228;24;40;4833
0.084857;0.166915;0.008893;-0.010665
0;0;0;0;0;46;236;24;40;4767
0.085740;0.165878;0.008010;-0.009628
0;0;0;0;0;60;243;29;41;4825
0.086535;0.164942;0.026746;-0.004785
0;0;0;0;0;60;248;32;32;4804
0.089189;0.164476;0.035811;-0.039476
0;0;0;0;0;72;252;35;35;4833
0.092741;0.160633;0.043978;-0.023914
0;0;0;0;0;72;255;34;30;4848
0.097099;0.158302;0.035714;-0.041115
0;0;0;0;0;84;259;40;29;4855
0.100635;0.154291;0.055615;-0.041010
0;1;1;1;0;78;256;45;25;4870
0.291110;0.125606;-0.115329;-0.027950
1;1;1;1;1;79;255;45;25;4818
0.224703;0.103125;-0.048922;-0.005469
1;1;1;1;1;97;248;51;19;4855
0.196655;0.099878;0.002564;-0.025659
1;0;0;0;1;84;267;57;13;4789
0.055996;0.127009;0.166660;-0.076228
0;0;0;0;1;92;267;59;11;4797
0.095756;0.108234;0.134713;-0.065265
0;0;0;0;1;80;136;59;11;4840
0.122376;0.095316;0.108093;-0.052347
0;0;0;0;1;84;72;58;11;4876
0.143611;0.084932;0.082951;-0.041963
0;0;0;0;1;86;72;58;11;4825
0.159819;0.076594;0.066743;-0.033625
0;0;0;0;1;91;76;58;12;4812
0.172799;0.069905;0.053764;-0.023030
0;0;0;0;1;93;76;58;11;4863
0.183210;0.065320;0.043352;-0.022351
0;0;0;0;1;72;76;58;11;4848
0.191576;0.060868;0.034986;-0.017899
0;0;0;0;1;89;76;58;11;4825
0.198308;0.057300;0.028255;-0.014332
0;0;0;0;1;63;80;59;11;4797
0.203730;0.054443;0.026739;-0.011474
0;0;0;0;1;77;100;58;12;4863
0.208850;0.052155;0.017712;-0.005280
0;0;0;0;1;76;103;59;11;4863
0.212236;0.051101;0.018233;-0.008133
0;0;0;0;1;89;99;58;11;4848
0.215715;0.049479;0.010847;-0.006510
0;0;0;0;0;85;100;57;13;4848
0.168065;0.107267;0.054591;-0.056486
0;0;0;1;0;76;99;55;15;4797
0.186097;0.053244;0.028746;0.005349
0;0;0;1;0;97;99;52;17;4833
0.191641;0.054311;0.011484;0.012095
0;0;1;0;0;68;99;40;29;4825
0.266924;0.110147;-0.110674;0.003134
0;0;1;0;0;134;103;34;30;4876
0.246247;0.110766;-0.113435;0.006421
0;1;1;0;0;76;103;28;25;4863
0.259816;0.111082;-0.150441;-0.013426
0;1;0;0;0;72;108;23;19;4833
0.162391;0.100740;-0.072547;-0.026521
0;1;0;0;0;105;112;9;5;4855
0.148232;0.095487;-0.113076;-0.075955
0;1;0;0;0;3;120;-1;-1;4855
0.126043;0.080414;-0.129950;-0.084320
0;1;0;0;0;186;197;-1;-1;4870
0.100388;0.063637;-0.104294;-0.067544
0;0;0;0;0;315;259;-1;-1;4855
0.099386;0.077798;-0.103292;-0.081704
0;0;0;0;0;460;343;-1;-1;4891
0.089148;0.069672;-0.093055;-0.073579
0;0;0;0;0;462;348;-1;-2;4789
0.079910;0.062347;-0.083816;-0.070159
0;0;0;0;0;448;335;-4;0;4891
0.071576;0.055355;-0.087201;-0.055355
0;0;0;0;0;437;324;-7;4;4818
0.062895;0.049835;-0.090239;-0.034210
0;0;0;0;0;418;313;-11;8;4870
0.053903;0.046422;-0.096871;-0.015172
0;0;0;0;0;358;287;-13;11;4884
0.044239;0.044908;-0.095020;-0.001939
0;1;0;0;0;319;263;-13;10;4804
0.014918;0.017001;-0.065699;0.022061
0;1;0;0;0;241;217;-11;8;4870
0.001779;0.021412;-0.044748;0.009838
0;1;0;0;0;172;186;-7;4;4863
-0.007170;0.023379;-0.020173;-0.007754
0;1;0;0;0;97;133;0;-3;4855
-0.011205;0.021829;0.011205;-0.033547
0;1;0;0;0;73;109;0;-3;4797
-0.008964;0.015122;0.008964;-0.026840
0;1;0;0;0;56;112;0;-3;4855
-0.007171;0.009754;0.007171;-0.021473
0;1;0;0;0;51;112;0;-3;4848
-0.005737;0.005460;0.005737;-0.017179
0;1;0;0;0;43;111;0;-3;4848
-0.004590;0.002024;0.004590;-0.013743
0;1;0;0;0;44;108;0;-1;4833
-0.003672;-0.000724;0.003672;-0.003182
0;1;0;0;0;47;108;0;-3;4870
-0.002937;-0.001361;0.002937;-0.010358
0;1;0;0;0;52;108;0;-2;4884
-0.002350;-0.003432;0.002350;-0.004380
0;1;0;0;0;43;113;0;-3;4825
-0.001880;-0.004308;0.001880;-0.007410
0;1;0;0;0;52;108;0;-3;4891
-0.001504;-0.005790;0.001504;-0.005928
0;1;0;0;0;35;112;0;-3;4884
-0.001203;-0.006976;0.001203;-0.004743
0;1;0;0;0;61;108;0;-3;4884
-0.000962;-0.007924;0.000962;-0.003794
0;1;0;0;0;105;112;0;-3;4863
-0.000962;-0.008683;0.000962;-0.003035
0;1;0;0;0;120;112;0;-3;4884
-0.000962;-0.009290;0.000962;-0.002428
0;1;0;0;0;70;108;0;-3;4884
-0.000962;-0.009776;0.000962;-0.001943
0;1;0;0;0;6;108;0;-3;4863
-0.000962;-0.010165;0.000962;-0.001554
0;1;0;0;0;3;112;0;-3;4833
-0.000962;-0.010475;0.000962;-0.001243
0;1;0;0;0;3;112;0;-3;4891
-0.000962;-0.010724;0.000962;-0.000995
0;1;0;0;0;61;107;0;-3;4863
-0.000962;-0.010724;0.000962;-0.000995
0;1;0;0;0;80;112;0;-3;4848
-0.000962;-0.010724;0.000962;-0.000995
0;1;0;0;0;81;109;0;-3;4825
-0.000962;-0.010724;0.000962;-0.000995
0;1;0;0;0;73;108;0;-3;4848
-0.000962;-0.010724;0.000962;-0.000995
0;1;0;0;0;67;111;0;-3;4863
-0.000962;-0.010724;0.000962;-0.000995
0;1;0;0;0;56;112;0;-3;4884
-0.000962;-0.010724;0.000962;-0.000995
0;1;0;0;0;64;108;0;-3;4825
-0.000962;-0.010724;0.000962;-0.000995
0;1;0;0;0;77;108;-1;-1;4863
-0.000962;-0.010724;-0.002944;0.006818
0;1;0;0;0;56;108;0;-3;4840
-0.001551;-0.009361;0.001551;-0.002358
0;1;0;0;0;71;103;0;-3;4870
-0.001241;-0.009832;0.001241;-0.001887
0;1;0;0;0;52;108;0;-3;4884
-0.000993;-0.010209;0.000993;-0.001509
0;1;0;0;0;44;108;0;-3;4833
-0.000993;-0.010511;0.000993;-0.001208
0;1;0;0;0;73;103;0;-3;4870
-0.000993;-0.010753;0.000993;-0.000966
0;1;0;0;0;43;107;-1;-1;4876
-0.000993;-0.010753;-0.002913;0.006847
0;1;0;0;0;55;111;0;-3;4855
-0.001575;-0.009384;0.001575;-0.002335
0;1;0;0;0;50;112;0;-3;4863
-0.001261;-0.009851;0.001261;-0.001868
0;1;0;0;0;43;108;0;-3;4870
-0.001008;-0.010224;0.001008;-0.001495
0;1;0;0;0;48;112;0;-3;4876
-0.000807;-0.010523;0.000807;-0.001196
0;1;0;0;0;22;111;0;-3;4863
-0.000807;-0.010762;0.000807;-0.000957
0;1;0;0;0;43;108;0;-3;4863
-0.000807;-0.010762;0.000807;-0.000957
0;1;0;0;0;55;111;0;-3;4797
-0.000807;-0.010762;0.000807;-0.000957
0;1;0;0;0;64;108;0;-3;4812
-0.000807;-0.010762;0.000807;-0.000957
0;1;0;0;0;110;112;0;-2;4870
-0.000807;-0.010762;0.000807;0.002950
0;1;0;0;0;109;112;-1;-1;4884
-0.000807;-0.010172;-0.003100;0.006266
0;1;0;0;0;32;108;0;0;4891
-0.001427;-0.008919;0.001427;0.008919
0;1;0;0;0;3;112;0;-3;4870
-0.001141;-0.007136;0.001141;-0.004583
0;1;0;0;0;3;112;-1;-1;4884
-0.000913;-0.008052;-0.002993;0.004146
0;1;0;0;0;3;112;0;-3;4863
-0.001512;-0.007223;0.001512;-0.004496
0;1;0;0;0;73;108;0;-3;4863
-0.001209;-0.008122;0.001209;-0.003597
0;1;0;0;0;84;108;-1;-1;4789
-0.000967;-0.008841;-0.002939;0.004935
0;1;0;0;0;76;107;0;-3;4863
-0.001555;-0.007855;0.001555;-0.003864
0;1;0;0;0;65;108;-1;-1;4884
-0.001244;-0.008627;-0.002662;0.004721
0;1;0;0;0;60;111;-1;-1;4884
-0.001777;-0.007683;-0.002130;0.003777
0;1;0;0;0;66;112;0;-3;4870
-0.002203;-0.006928;0.002203;-0.004791
0;1;0;0;0;56;108;-1;-1;4891
-0.001762;-0.007886;-0.002144;0.003980
0;1;0;0;0;56;112;-1;-1;4855
-0.002191;-0.007090;-0.001715;0.003184
0;1;0;0;0;49;112;0;-3;4812
-0.002534;-0.006453;0.002534;-0.005266
0;1;0;0;0;47;112;0;-3;4863
-0.002027;-0.007506;0.002027;-0.004212
0;1;0;0;0;77;108;-1;-1;4884
-0.001622;-0.008349;-0.002285;0.004443
0;1;0;0;0;56;111;-1;-1;4884
-0.002079;-0.007460;-0.001828;0.003554
0;1;0;0;0;62;112;0;-3;4876
-0.002444;-0.006750;0.002444;-0.004969
0;1;0;0;0;65;111;0;-3;4870
-0.001955;-0.007743;0.001955;-0.003975
0;1;0;0;0;44;108;0;-3;4863
-0.001564;-0.008538;0.001564;-0.003180
0;1;0;0;0;53;112;0;-3;4774
-0.001251;-0.009174;0.001251;-0.002544
0;1;0;0;0;61;108;0;-3;4863
-0.001001;-0.009683;0.001001;-0.002036
0;1;0;0;0;42;108;0;-3;4848
-0.000801;-0.010090;0.000801;-0.001629
0;1;0;0;0;60;107;0;-3;4848
-0.000801;-0.010416;0.000801;-0.001303
0;1;0;0;0;70;112;-1;-1;4825
-0.000801;-0.010676;-0.003105;0.006770
0;1;0;0;0;60;111;-1;-1;4870
-0.001422;-0.009322;-0.002484;0.005416
0;1;0;0;0;108;112;0;-3;4876
-0.001919;-0.008239;0.001919;-0.003479
0;1;0;0;0;88;108;-1;-1;4855
-0.001535;-0.008935;-0.002371;0.005029
0;1;0;0;0;27;112;0;-3;4870
-0.002009;-0.007930;0.002009;-0.003789
0;1;0;0;0;3;112;-1;-1;4870
-0.001608;-0.008687;-0.002299;0.004781
0;1;0;0;0;3;112;-1;-1;4884
-0.002067;-0.007731;-0.001839;0.003825
0;1;0;0;0;50;113;-1;-1;4738
-0.002435;-0.006966;-0.001471;0.003060
0;1;0;0;0;73;111;0;-3;4891
-0.002729;-0.006354;0.002729;-0.005364
0;1;0;0;0;73;108;0;-3;4804
-0.002183;-0.007427;0.002183;-0.004292
0;1;0;0;0;72;112;0;-3;4782
-0.001747;-0.008285;0.001747;-0.003433
0;1;0;0;0;55;108;0;-3;4863
-0.001397;-0.008972;0.001397;-0.002747
0;1;0;0;0;56;111;-1;-1;4884
-0.001118;-0.009521;-0.002788;0.005615
0;1;0;0;0;52;112;0;-3;4876
-0.001676;-0.008398;0.001676;-0.003320
0;1;0;0;0;49;112;-1;-1;4884
-0.001340;-0.009062;-0.002566;0.005156
0;1;0;0;0;56;112;-1;-1;4884
-0.001854;-0.008031;-0.002053;0.004125
0;1;0;0;0;62;108;-1;-1;4840
-0.002264;-0.007206;-0.001642;0.003300
0;1;0;0;0;61;108;0;-3;4876
-0.002593;-0.006546;0.002593;-0.005172
0;1;0;0;0;66;108;-1;-1;4812
-0.002074;-0.007581;-0.001832;0.003675
0;1;0;0;0;55;108;-1;-1;4863
-0.002440;-0.006846;-0.001466;0.002939
0;1;0;0;0;48;112;-1;-1;4884
-0.002734;-0.006258;-0.001173;0.002352
0;1;0;0;0;55;109;-1;-1;4825
-0.002968;-0.005788;-0.000938;0.001881
0;1;0;0;0;52;108;0;-3;4884
-0.002968;-0.005411;0.002968;-0.006307
0;1;0;0;0;44;109;0;-3;4818
-0.002375;-0.006673;0.002375;-0.005046
0;1;0;0;0;62;115;0;-2;4891
-0.001900;-0.007682;0.001900;-0.000131
0;1;0;0;0;51;108;1;-3;4870
-0.001520;-0.007682;0.005426;-0.004037
0;1;0;0;0;50;107;-1;-1;4833
-0.000435;-0.008489;-0.003472;0.004583
0;1;0;0;0;84;108;0;-3;4818
-0.001129;-0.007573;0.001129;-0.004146
0;1;0;0;0;89;107;0;-3;4863
-0.000903;-0.008402;0.000903;-0.003317
0;1;0;0;0;73;112;0;-3;4863
-0.000903;-0.009065;0.000903;-0.002653
0;1;0;0;0;65;112;0;-3;4876
-0.000903;-0.009596;0.000903;-0.002123
0;1;0;0;0;3;112;0;-3;4876
-0.000903;-0.010020;0.000903;-0.001698
0;1;0;0;0;6;112;0;-3;4840
-0.000903;-0.010360;0.000903;-0.001359
0;1;0;0;0;67;108;0;-3;4833
-0.000903;-0.010632;0.000903;-0.001087
0;1;0;0;0;65;108;0;-3;4825
-0.000903;-0.010849;0.000903;-0.000870
0;1;0;0;0;77;108;0;-2;4876
-0.000903;-0.010849;0.000903;0.003037
0;1;0;0;0;65;108;0;0;4891
-0.000903;-0.010242;0.000903;0.010242
0;1;0;0;0;56;108;0;-3;4884
-0.000903;-0.008194;0.000903;-0.003525
0;1;0;0;0;69;111;0;-3;4870
-0.000903;-0.008899;0.000903;-0.002820
0;1;0;0;0;39;112;-1;-1;4855
-0.000903;-0.009463;-0.003003;0.005556
0;1;0;0;0;56;111;-1;-1;4884
-0.001504;-0.008351;-0.002403;0.004445
0;1;0;0;0;60;112;-1;-1;4833
-0.001984;-0.007462;-0.001922;0.003556
0;1;0;0;0;55;107;0;-2;4863
-0.002369;-0.006751;0.002369;-0.001061
0;1;0;0;0;69;108;0;-3;4833
-0.001895;-0.006963;0.001895;-0.004755
0;1;0;0;0;64;108;0;-3;4833
-0.001516;-0.007914;0.001516;-0.003804
0;1;0;0;0;48;112;-1;-1;4870
-0.001213;-0.008675;-0.002693;0.004769
0;1;0;0;0;73;108;0;-3;4848
-0.001751;-0.007721;0.001751;-0.003997
0;1;0;0;0;51;112;-1;-1;4855
-0.001401;-0.008521;-0.002505;0.004615
0;1;0;0;0;51;108;0;-3;4884
-0.001902;-0.007598;0.001902;-0.004121
0;1;0;0;0;56;109;0;-3;4825
-0.001522;-0.008422;0.001522;-0.003297
0;1;0;0;0;47;108;-1;-1;4848
-0.001217;-0.009081;-0.002689;0.005175
0;1;0;0;0;42;111;-2;-1;4855
-0.001755;-0.008047;-0.006058;0.004140
0;1;0;0;0;72;103;0;-3;4848
-0.002967;-0.007218;0.002967;-0.004500
0;1;0;0;0;67;111;0;-3;4863
-0.002373;-0.008118;0.002373;-0.003600
0;1;0;0;0;73;108;0;-3;4855
-0.001899;-0.008838;0.001899;-0.002880
0;1;0;0;0;82;112;0;-3;4848
-0.001519;-0.009414;0.001519;-0.002304
0;1;0;0;0;24;107;0;-3;4884
-0.001215;-0.009875;0.001215;-0.001844
0;1;0;0;0;31;108;0;-3;4870
-0.000972;-0.010244;0.000972;-0.001475
0;1;0;0;0;15;111;-1;-1;4870
-0.000972;-0.010539;-0.002934;0.006633
0;1;0;0;0;43;108;-1;-1;4876
-0.001559;-0.009212;-0.002347;0.005306
0;1;0;0;0;65;107;0;-3;4876
-0.002028;-0.008151;0.002028;-0.003567
0;1;0;0;0;73;108;-1;-1;4870
-0.001623;-0.008865;-0.002284;0.004959
0;1;0;0;0;71;108;-1;-1;4818
-0.002079;-0.007873;-0.001827;0.003967
0;1;0;0;0;70;108;-1;-1;4884
-0.002445;-0.007080;-0.001462;0.003174
0;1;0;0;0;51;113;0;-3;4812
-0.002737;-0.006445;0.002737;-0.005274
0;1;0;0;0;56;107;-1;-1;4876
-0.002190;-0.007500;-0.001717;0.003593
0;1;0;0;0;56;108;-1;-1;4884
-0.002533;-0.006781;-0.001373;0.002875
0;1;0;0;0;44;107;-1;-1;4876
-0.002807;-0.006206;-0.001099;0.002300
0;1;0;0;0;56;112;-1;-1;4884
-0.003027;-0.005746;-0.000879;0.001840
0;1;0;0;0;68;109;-2;-2;4789
-0.003027;-0.005378;-0.004785;-0.002434
0;1;0;0;0;61;108;-1;-1;4876
-0.003984;-0.005865;0.000078;0.001959
0;1;0;0;0;65;113;-1;-1;4825
-0.003984;-0.005473;0.000078;0.001567
