0;0;1;0;0;71;99;-1;-1;4906
-0.396615;0.194239;0.392709;-0.198146
0;0;1;0;0;73;96;-1;-1;4914
-0.328445;0.155830;0.324539;-0.159736
0;0;1;0;0;66;96;-1;-1;4914
-0.269363;0.124513;0.265457;-0.128419
0;0;1;0;0;70;100;-1;-1;4870
-0.219457;0.099152;0.215550;-0.103058
0;1;1;0;0;65;95;-1;-1;4870
-0.209805;0.065422;0.205899;-0.069328
0;0;1;0;0;67;100;-1;-1;4906
-0.137911;0.064910;0.134005;-0.068817
0;0;1;0;0;65;101;-1;-1;4855
-0.111529;0.051193;0.107622;-0.055100
0;0;1;0;0;69;100;-1;-1;4863
-0.090224;0.040197;0.086318;-0.044103
0;0;1;0;0;68;96;-1;-1;4914
-0.073076;0.031387;0.069170;-0.035294
0;0;1;0;0;70;96;-1;-1;4914
-0.059303;0.024334;0.055397;-0.028240
0;0;1;0;0;70;96;-1;0;4921
-0.048256;0.018689;0.044349;-0.018689
0;0;1;0;0;66;95;-1;-1;4914
-0.039403;0.014952;0.035497;-0.018858
0;0;1;0;0;65;96;-1;-1;4921
-0.032313;0.011181;0.028407;-0.015087
0;0;1;0;0;73;96;-1;-1;4921
-0.026636;0.008164;0.022730;-0.012070
0;0;1;0;0;69;96;-1;-1;4899
-0.022093;0.005750;0.018187;-0.009656
0;0;1;0;0;65;96;-1;-1;4906
-0.018457;0.003819;0.014551;-0.007725
0;0;1;0;0;65;96;-1;-1;4848
-0.015548;0.002274;0.011642;-0.006180
0;0;1;0;0;67;96;-1;-1;4855
-0.013220;0.001038;0.009314;-0.004944
0;0;1;0;0;66;96;-1;0;4891
-0.011358;0.000049;0.007451;-0.000049
0;0;1;0;0;65;96;1;1;4876
-0.009867;0.000049;0.013774;0.003857
0;0;1;0;0;70;95;1;1;4914
-0.007113;0.000820;0.011019;0.003086
0;0;1;0;0;64;96;3;3;4863
-0.004909;0.001437;0.016628;0.010281
0;0;1;0;0;68;95;3;4;4884
-0.001584;0.003494;0.013302;0.012131
0;0;1;0;0;65;96;4;4;4884
0.001077;0.005920;0.014548;0.009705
0;0;1;0;0;67;101;6;6;4855
0.003987;0.007861;0.019451;0.015577
0;0;1;0;0;73;96;6;7;4891
0.007877;0.010976;0.015561;0.016368
0;0;1;0;0;73;96;9;10;4914
0.010988;0.014249;0.024168;0.024813
0;0;1;0;0;77;99;9;10;4891
0.015821;0.019210;0.019335;0.019852
0;0;1;0;0;69;100;12;13;4870
0.019687;0.023179;0.027188;0.027602
0;0;1;0;0;69;95;12;13;4899
0.025122;0.028696;0.021753;0.022086
0;0;1;0;0;65;99;12;12;4899
0.029469;0.033109;0.017406;0.013766
0;0;1;0;0;65;96;12;13;4914
0.032947;0.035859;0.013928;0.014923
0;0;1;0;0;73;99;15;15;4876
0.035729;0.038839;0.022865;0.019755
0;0;1;0;0;76;96;15;15;4891
0.040295;0.042783;0.018298;0.015810
0;0;1;0;0;78;96;18;18;4825
0.043948;0.045939;0.026364;0.024373
0;0;1;0;0;85;100;21;21;4870
0.049210;0.050802;0.032821;0.031229
0;0;1;0;0;69;96;21;21;4891
0.055756;0.057030;0.026275;0.025001
0;1;1;0;0;65;99;20;21;4870
0.048628;0.041783;0.029497;0.040248
0;1;1;0;0;65;99;21;21;4899
0.057452;0.053830;0.024579;0.028202
0;1;1;0;0;70;99;21;21;4914
0.064798;0.062262;0.017233;0.019770
0;1;1;0;0;69;100;21;21;4891
0.069945;0.068167;0.012086;0.013864
0;1;1;0;0;77;95;21;21;4891
0.073552;0.072306;0.008479;0.009725
0;1;1;0;0;76;100;21;21;4870
0.076081;0.075208;0.005950;0.006824
0;1;1;0;0;81;97;21;21;4855
0.077856;0.077243;0.004175;0.004788
0;1;1;0;0;75;100;21;21;4848
0.079101;0.078671;0.002930;0.003361
0;1;1;0;0;69;106;20;21;4848
0.079974;0.079672;-0.001849;0.002359
0;1;1;0;0;65;99;20;21;4884
0.079423;0.080376;-0.001298;0.001656
0;1;1;0;0;73;100;21;21;4863
0.079036;0.080869;0.002995;0.001162
0;1;1;0;0;77;99;21;21;4884
0.079929;0.081215;0.002102;0.000816
0;1;1;0;0;80;100;21;21;4855
0.080556;0.081215;0.001476;0.000816
0;1;1;0;0;85;99;21;21;4906
0.080995;0.081215;0.001036;0.000816
0;1;1;0;0;81;100;23;23;4848
0.081304;0.081215;0.008540;0.008628
0;1;0;0;0;77;100;23;24;4899
-0.147387;0.139592;0.237231;-0.045842
0;1;0;0;0;70;99;24;24;4891
-0.100680;0.130591;0.194430;-0.036841
0;1;0;0;0;77;100;23;23;4833
-0.062057;0.123341;0.151900;-0.033498
0;1;0;0;0;78;99;26;26;4870
-0.031746;0.116738;0.133308;-0.015176
0;1;0;0;0;81;99;26;27;4863
-0.005095;0.113744;0.106657;-0.008275
0;1;0;0;0;89;99;26;27;4876
0.016236;0.112110;0.085327;-0.006641
0;1;0;0;0;81;99;26;26;4825
0.033290;0.110798;0.068273;-0.009235
0;1;0;0;0;77;99;23;24;4891
0.046922;0.108973;0.042921;-0.015223
0;1;0;0;0;73;100;23;23;4899
0.055484;0.105964;0.034360;-0.016120
0;1;0;0;0;78;101;23;23;4804
0.062332;0.102775;0.027512;-0.012931
0;1;0;0;0;82;103;23;24;4906
0.067811;0.100215;0.022033;-0.006465
0;1;0;0;0;88;100;23;24;4840
0.072196;0.098935;0.017648;-0.005185
0;1;0;0;0;86;101;23;23;4833
0.075706;0.097908;0.014138;-0.008064
0;1;0;0;0;83;103;23;23;4891
0.078517;0.096310;0.011327;-0.006467
0;1;0;0;0;81;105;23;24;4840
0.080768;0.095029;0.009076;-0.001279
0;1;0;0;0;84;104;23;23;4833
0.082571;0.094776;0.007273;-0.004932
0;1;0;0;0;81;103;23;23;4891
0.084015;0.093798;0.005829;-0.003954
0;1;0;0;0;86;103;23;24;4870
0.085173;0.093014;0.004671;0.000736
0;1;0;0;0;88;104;26;26;4855
0.086100;0.093014;0.015462;0.008548
0;1;0;0;0;89;104;26;27;4884
0.089169;0.094709;0.012394;0.010760
0;1;0;0;0;88;103;26;27;4884
0.091627;0.096841;0.009935;0.008628
0;1;0;0;0;84;104;26;27;4863
0.093597;0.098550;0.007965;0.006919
0;1;0;0;0;81;104;26;27;4855
0.095176;0.099920;0.006387;0.005549
0;1;0;0;0;84;99;26;26;4863
0.096442;0.101019;0.005121;0.000544
0;1;0;0;0;89;103;26;27;4891
0.097456;0.101019;0.004106;0.004450
0;1;0;0;0;92;99;26;27;4825
0.098270;0.101899;0.003293;0.003569
0;1;0;0;0;97;101;26;26;4863
0.098922;0.102606;0.002641;-0.001043
0;1;0;0;0;92;100;26;27;4884
0.099445;0.102399;0.002118;0.003069
0;1;0;0;0;93;101;26;27;4840
0.099864;0.103007;0.001699;0.002462
0;1;0;0;0;94;100;26;27;4906
0.100200;0.103494;0.001362;0.001975
0;1;0;0;0;96;99;26;27;4884
0.100470;0.103885;0.001093;0.001584
0;1;0;0;0;100;99;26;27;4870
0.100686;0.104198;0.000876;0.001271
0;1;0;0;0;101;96;26;27;4870
0.100686;0.104449;0.000876;0.001019
0;1;0;0;0;101;99;26;27;4891
0.100686;0.104651;0.000876;0.000818
0;1;0;0;0;103;100;26;26;4855
0.100686;0.104651;0.000876;-0.003088
0;1;0;0;0;102;99;26;27;4914
0.100686;0.104040;0.000876;0.001429
0;1;0;0;0;102;99;26;27;4863
0.100686;0.104323;0.000876;0.001146
0;1;0;0;0;105;96;26;27;4891
0.100686;0.104549;0.000876;0.000919
0;1;0;0;0;103;99;26;27;4848
0.100686;0.104549;0.000876;0.000919
0;1;0;0;0;109;96;26;26;4812
0.100686;0.104549;0.000876;-0.002987
0;1;0;0;0;113;96;26;27;4884
0.100686;0.103959;0.000876;0.001510
0;1;1;0;0;113;100;25;28;4884
0.321701;0.048075;-0.224045;0.061300
0;1;0;0;0;108;99;26;26;4848
0.056160;0.116368;0.045402;-0.014805
0;1;1;0;0;109;95;26;27;4906
0.268652;0.063455;-0.167089;0.042013
0;1;1;0;0;113;92;26;27;4863
0.221548;0.075998;-0.119986;0.029471
0;1;1;0;0;117;88;26;27;4848
0.187059;0.084782;-0.085496;0.020687
0;0;1;0;0;116;88;26;26;4840
0.094339;0.101140;0.007223;0.000422
0;0;1;0;0;122;93;26;26;4848
0.095771;0.101140;0.005792;0.000422
0;0;1;0;0;122;96;25;26;4884
0.096919;0.101140;0.000738;0.000422
0;0;1;0;0;119;95;26;27;4906
0.096919;0.101140;0.004644;0.004328
0;0;1;0;0;126;92;28;25;4855
0.097838;0.101997;0.011537;-0.004341
0;0;1;0;0;125;92;26;26;4825
0.100123;0.101138;0.001439;0.000425
0;0;1;0;0;130;96;29;30;4870
0.100408;0.101138;0.012873;0.016050
0;0;1;0;0;134;92;29;30;4863
0.102956;0.104314;0.010325;0.012873
0;0;1;0;0;138;97;28;29;4863
0.104999;0.106860;0.004376;0.006421
0;0;1;0;0;138;103;32;27;4891
0.105864;0.108129;0.019136;-0.002661
0;0;1;0;0;135;103;31;27;4870
0.109647;0.107603;0.011447;-0.002135
0;0;1;0;0;143;100;28;24;4870
0.111908;0.107181;-0.002533;-0.013431
0;0;1;0;0;145;100;31;28;4855
0.111408;0.104525;0.009686;0.004850
0;0;1;0;0;150;99;28;24;4855
0.113321;0.105485;-0.003946;-0.011735
0;0;1;0;0;153;96;31;27;4884
0.112542;0.103163;0.008552;0.002306
0;0;1;0;0;153;96;28;25;4789
0.114230;0.103619;-0.004855;-0.005963
0;0;1;0;0;156;99;28;24;4863
0.113272;0.102439;-0.003897;-0.008689
0;0;1;0;0;158;99;29;24;4863
0.112502;0.100719;0.000779;-0.006969
0;0;1;0;0;162;100;28;24;4884
0.112502;0.099340;-0.003127;-0.005589
0;0;1;0;0;166;100;28;25;4863
0.111885;0.098232;-0.002510;-0.000576
0;0;1;0;0;170;99;26;26;4863
0.111389;0.098232;-0.009826;0.003330
0;1;1;0;0;174;100;28;25;4825
0.177021;0.088688;-0.067646;0.008969
0;1;1;0;0;178;103;27;23;4906
0.157295;0.091356;-0.051826;-0.001513
0;0;1;0;0;184;104;28;24;4870
0.085782;0.100369;0.023593;-0.006619
0;1;0;0;0;186;103;28;24;4899
-0.023112;0.131302;0.132487;-0.037552
0;1;1;0;0;185;100;29;24;4884
0.172537;0.082138;-0.059256;0.011612
0;1;0;0;0;188;105;28;24;4804
-0.008470;0.126200;0.117845;-0.032450
0;1;0;0;0;197;99;28;25;4870
0.015098;0.119808;0.094277;-0.022152
0;1;0;0;0;201;100;28;25;4863
0.033942;0.115439;0.075433;-0.017783
0;1;0;0;0;210;99;28;25;4863
0.049002;0.111929;0.060373;-0.014272
0;1;0;0;0;216;100;30;23;4863
0.061040;0.109109;0.056147;-0.019265
0;1;0;0;0;224;101;30;23;4825
0.072219;0.105300;0.044968;-0.015456
0;1;0;0;0;234;103;30;22;4848
0.081160;0.102242;0.036027;-0.016305
0;1;0;0;0;236;108;32;20;4876
0.088314;0.099014;0.036686;-0.020889
0;1;0;0;0;241;100;36;17;4848
0.095589;0.094876;0.045036;-0.028470
0;1;0;0;0;245;80;38;14;4812
0.104506;0.089230;0.043931;-0.034543
0;0;0;0;0;249;48;38;15;4752
-0.011791;0.116333;0.160228;-0.057739
1;0;0;0;0;251;28;38;15;4906
-0.046905;0.115658;0.195342;-0.057064
1;0;0;0;0;263;91;38;15;4855
-0.007871;0.104383;0.156308;-0.045790
1;0;0;0;0;263;209;38;14;4876
0.023387;0.095317;0.125051;-0.040629
1;0;0;0;0;267;223;38;14;4876
0.048363;0.087259;0.100074;-0.032571
1;0;0;0;0;279;240;38;14;4870
0.068309;0.080790;0.080128;-0.026103
0;0;0;0;0;327;265;38;15;4825
0.069808;0.090623;0.078629;-0.032029
0;0;0;0;0;257;279;39;12;4884
0.077629;0.087445;0.074715;-0.040570
0;0;0;0;0;186;298;40;13;4884
0.085051;0.083418;0.071199;-0.032637
0;0;0;0;0;94;309;40;13;4876
0.092115;0.080176;0.064135;-0.029395
0;0;0;0;0;89;317;40;12;4876
0.098470;0.077255;0.057780;-0.030380
0;0;0;0;0;67;331;40;12;4833
0.104189;0.074234;0.052061;-0.027359
0;0;0;0;0;51;339;40;13;4863
0.109335;0.071513;0.046915;-0.020732
0;0;0;0;0;55;346;40;13;4870
0.113968;0.069450;0.042282;-0.018669
0;0;0;0;0;73;339;40;13;4891
0.118139;0.067592;0.038111;-0.016811
0;0;0;0;0;81;392;41;12;4891
0.121896;0.065918;0.038261;-0.019043
0;0;0;0;0;84;385;40;13;4848
0.125663;0.064022;0.030587;-0.013241
0;0;0;0;0;70;377;40;13;4891
0.128672;0.062703;0.027578;-0.011922
0;0;0;0;0;55;521;40;13;4899
0.131383;0.061516;0.024867;-0.010734
0;0;0;0;0;63;313;34;19;4840
0.133826;0.060446;-0.001014;0.013772
0;0;0;0;0;69;136;28;25;4891
0.133727;0.061818;-0.024352;0.035838
0;0;0;0;0;70;120;26;27;4884
0.131334;0.065388;-0.029772;0.040081
0;0;0;0;0;75;120;26;26;4855
0.128407;0.069377;-0.026845;0.032185
0;0;0;0;0;56;120;27;25;4899
0.125766;0.072580;-0.020298;0.025076
0;0;0;0;0;47;115;26;27;4870
0.123768;0.075074;-0.022206;0.030395
0;0;0;0;0;60;111;26;26;4906
0.121581;0.078096;-0.020019;0.023467
0;0;0;0;0;68;108;26;26;4863
0.119608;0.080427;-0.018046;0.021135
0;0;0;0;0;68;108;26;26;4884
0.117829;0.082527;-0.016267;0.019036
0;0;0;0;0;56;108;26;26;4891
0.116225;0.084417;-0.014662;0.017145
0;0;0;0;0;51;108;26;27;4891
0.114778;0.086119;-0.013216;0.019350
0;0;0;0;0;65;107;26;27;4884
0.113474;0.088040;-0.011911;0.017429
0;0;0;0;0;64;108;26;26;4891
0.112298;0.089769;-0.010735;0.011794
0;0;0;0;0;68;103;26;28;4884
0.111238;0.090938;-0.009675;0.018437
0;0;0;0;0;66;108;26;26;4863
0.110282;0.092767;-0.008719;0.008796
0;0;0;0;0;51;100;26;29;4825
0.109421;0.093638;-0.007858;0.019643
0;0;0;0;0;53;103;26;27;4863
0.108644;0.095585;-0.007082;0.009884
0;0;0;0;0;63;103;26;27;4818
0.107944;0.096564;-0.006382;0.008904
0;0;0;0;0;65;103;22;31;4863
0.107314;0.097446;-0.021376;0.023647
0;0;0;0;0;55;103;20;33;4855
0.105200;0.099788;-0.027075;0.029118
0;0;0;0;0;51;107;18;34;4863
0.102522;0.102670;-0.032209;0.030142
0;0;0;0;0;60;115;18;35;4840
0.099334;0.105652;-0.029021;0.031067
0;0;0;0;0;68;111;17;36;4884
0.096459;0.108723;-0.030053;0.031902
0;0;0;0;0;72;124;16;36;4876
0.093481;0.111874;-0.030981;0.028751
0;0;0;0;0;71;125;16;36;4818
0.090409;0.114712;-0.027909;0.025913
0;0;0;0;0;65;132;16;36;4863
0.087640;0.117269;-0.025140;0.023356
0;0;0;0;0;71;129;16;37;4848
0.085145;0.119572;-0.022645;0.024960
0;0;0;0;0;77;132;16;37;4863
0.082897;0.122031;-0.020397;0.022500
0;0;0;0;0;81;141;16;37;4789
0.080871;0.124247;-0.018371;0.020284
0;0;0;0;0;72;144;16;36;4818
0.079045;0.126244;-0.016545;0.014381
0;0;0;0;0;64;132;16;36;4812
0.077401;0.127658;-0.014901;0.012967
0;0;0;0;0;64;164;16;37;4855
0.075920;0.128934;-0.013420;0.015597
0;0;0;0;0;69;167;15;38;4833
0.074585;0.130467;-0.015991;0.017970
0;0;0;0;0;68;180;14;38;4863
0.072995;0.132233;-0.018307;0.016204
0;0;0;0;0;72;231;14;38;4840
0.071173;0.133825;-0.016486;0.014612
0;0;0;0;0;60;305;14;38;4797
0.069533;0.135260;-0.014846;0.013178
0;0;0;0;0;46;330;16;37;4825
0.068056;0.136553;-0.005556;0.007978
0;0;0;0;0;55;343;18;35;4899
0.067503;0.137336;0.002810;-0.000617
0;0;0;0;0;69;313;20;32;4876
0.067782;0.137336;0.010343;-0.012336
0;0;0;0;0;89;231;22;31;4884
0.068812;0.136125;0.017126;-0.015032
0;0;0;0;0;77;243;26;26;4870
0.070516;0.134650;0.031046;-0.033088
0;0;0;0;0;65;263;26;26;4876
0.073604;0.131400;0.027958;-0.029837
0;0;0;0;0;65;275;26;26;4812
0.076385;0.128466;0.025178;-0.026904
0;0;0;0;0;77;271;26;27;4884
0.078887;0.125819;0.022675;-0.020351
0;0;0;0;0;97;263;26;27;4870
0.081140;0.123816;0.020422;-0.018347
0;0;0;0;0;79;258;26;27;4891
0.083169;0.122009;0.018394;-0.016540
0;0;0;0;0;44;252;24;28;4906
0.084995;0.120379;0.008755;-0.011004
0;0;0;0;0;55;248;20;33;4891
0.085864;0.119295;-0.007739;0.009611
0;0;0;0;0;81;247;18;35;4876
0.085096;0.120242;-0.014783;0.016477
0;0;0;0;0;85;252;18;34;4825
0.083628;0.121866;-0.013316;0.010947
0;0;0;0;0;65;259;18;34;4891
0.082306;0.122944;-0.011993;0.009869
0;0;0;0;0;50;271;18;34;4833
0.081114;0.123916;-0.010802;0.008897
0;0;0;0;0;72;282;18;35;4906
0.080041;0.124792;-0.009729;0.011927
0;0;0;0;0;81;290;18;36;4825
0.079074;0.125966;-0.008762;0.014659
0;0;0;0;0;93;305;18;34;4876
0.078204;0.127408;-0.007891;0.005404
0;0;0;0;0;76;316;18;34;4855
0.077419;0.127940;-0.007107;0.004873
0;0;0;0;0;50;335;18;35;4863
0.076713;0.128419;-0.006400;0.008300
0;0;0;0;0;68;347;18;34;4899
0.076077;0.129235;-0.005764;0.003577
0;0;0;0;0;100;366;18;35;4825
0.075503;0.129587;-0.005191;0.007132
0;0;0;0;0;92;377;17;37;4855
0.074987;0.130288;-0.008581;0.014243
0;0;0;0;0;61;392;16;36;4840
0.074134;0.131688;-0.011634;0.008937
0;0;0;0;0;61;419;16;36;4884
0.072977;0.132566;-0.010477;0.008059
0;0;0;0;0;81;431;16;36;4833
0.071935;0.133358;-0.009435;0.007267
0;0;0;0;0;89;456;16;37;4863
0.070996;0.134071;-0.008496;0.010460
0;0;0;0;0;93;474;18;35;4855
0.070151;0.135098;0.000162;0.001620
0;0;0;0;0;74;500;22;31;4863
0.070151;0.135257;0.015787;-0.014164
0;0;0;0;0;68;518;26;27;4914
0.071721;0.133867;0.029841;-0.028398
0;0;0;0;0;81;528;27;26;4899
0.074690;0.131077;0.030779;-0.029514
0;0;0;0;0;89;543;26;27;4906
0.077750;0.128175;0.023813;-0.022706
0;0;0;0;0;88;550;26;27;4855
0.080116;0.125941;0.021447;-0.020472
0;0;0;0;0;69;560;25;26;4870
0.082246;0.123926;0.015410;-0.022363
0;0;0;0;0;60;565;26;26;4876
0.083777;0.121723;0.017786;-0.020161
0;0;0;0;0;89;574;25;26;4899
0.085543;0.119736;0.012114;-0.018174
0;0;0;0;0;84;578;27;27;4797
0.086745;0.117945;0.018724;-0.012476
0;0;0;0;0;81;583;26;27;4891
0.088603;0.116714;0.012959;-0.011246
0;0;0;0;0;72;587;26;27;4884
0.089889;0.115605;0.011674;-0.010136
0;0;0;0;0;77;590;26;27;4876
0.091046;0.114605;0.010516;-0.009136
0;0;0;0;0;81;594;26;26;4870
0.092089;0.113703;0.009473;-0.012140
0;0;0;0;0;98;597;26;26;4906
0.093028;0.112505;0.008534;-0.010942
0;0;0;0;0;81;597;27;26;4891
0.093874;0.111424;0.011594;-0.009862
0;0;0;0;0;61;597;27;27;4876
0.095024;0.110450;0.010445;-0.004981
0;0;0;0;0;66;593;26;27;4899
0.096059;0.109958;0.005504;-0.004489
0;0;0;0;0;85;591;26;26;4906
0.096604;0.109514;0.004959;-0.007952
0;0;0;0;0;97;583;23;24;4825
0.097095;0.108729;-0.007251;-0.014979
0;0;0;0;0;69;574;23;23;4891
0.096377;0.107248;-0.006533;-0.017405
0;0;0;0;0;56;567;23;24;4891
0.095729;0.105528;-0.005886;-0.011778
0;0;0;0;0;89;553;21;25;4906
0.095146;0.104363;-0.013115;-0.006707
0;0;0;0;0;89;546;21;26;4884
0.093846;0.103699;-0.011815;-0.002137
0;0;0;0;0;77;536;23;25;4891
0.092675;0.103488;-0.002831;-0.005832
0;0;0;0;0;73;521;23;23;4891
0.092394;0.102911;-0.002551;-0.013067
0;0;0;0;0;69;489;23;23;4870
0.092142;0.101618;-0.002298;-0.011774
0;0;0;0;0;77;529;23;24;4870
0.091914;0.100453;-0.002070;-0.006703
0;0;0;0;0;93;500;23;23;4906
0.091709;0.099789;-0.001865;-0.009945
0;0;0;0;0;65;463;23;23;4891
0.091524;0.098804;-0.001680;-0.008960
0;0;0;0;0;65;438;26;26;4884
0.091357;0.097917;0.010205;0.003646
0;0;0;0;0;89;411;26;27;4884
0.092369;0.098278;0.009193;0.007191
0;0;0;0;0;103;312;29;30;4870
0.093280;0.098990;0.020001;0.018197
0;0;0;0;0;81;140;35;35;4870
0.095263;0.100792;0.041456;0.035927
0;0;0;0;0;65;99;37;38;4884
0.099369;0.104347;0.045162;0.044091
0;0;0;0;0;81;96;38;38;4855
0.103839;0.108706;0.044599;0.039732
0;0;0;0;0;101;96;37;38;4891
0.108248;0.112630;0.036283;0.035807
0;0;0;0;0;93;92;38;38;4884
0.111833;0.116164;0.036605;0.032274
0;0;0;0;0;57;88;38;38;4840
0.115446;0.119347;0.032992;0.029091
0;0;0;0;0;68;89;37;38;4833
0.118700;0.122213;0.025831;0.026224
0;0;0;0;0;85;88;37;40;4840
0.121246;0.124796;0.023285;0.031454
0;0;0;0;0;97;88;35;35;4876
0.123539;0.127891;0.013179;0.008828
0;0;0;0;0;82;88;34;36;4876
0.124837;0.128759;0.007975;0.011866
0;0;0;0;0;51;84;34;34;4884
0.125622;0.129926;0.007190;0.002887
0;0;0;0;0;73;83;32;37;4863
0.126330;0.130210;-0.001330;0.014321
0;0;0;0;0;88;88;33;37;4884
0.126199;0.131617;0.002707;0.012914
0;0;0;0;0;88;83;29;41;4870
0.126465;0.132886;-0.013184;0.027270
0;0;0;0;0;76;83;29;41;4797
0.125168;0.135564;-0.011887;0.024592
0;0;0;0;0;63;84;29;41;4825
0.123998;0.137977;-0.010716;0.022179
0;0;0;0;0;84;83;26;38;4876
0.122942;0.140152;-0.021380;0.008285
0;0;0;0;0;103;84;29;41;4825
0.120836;0.140964;-0.007555;0.019192
0;0;0;0;0;73;84;29;40;4884
0.120092;0.142845;-0.006810;0.013405
0;0;0;0;0;61;84;29;41;4891
0.119420;0.144158;-0.006139;0.015998
0;0;0;0;0;85;88;26;38;4884
0.118815;0.145724;-0.017253;0.002713
0;0;0;0;0;89;88;26;38;4855
0.117114;0.145990;-0.015551;0.002448
0;0;0;0;0;93;84;26;38;4891
0.115580;0.146229;-0.014017;0.002208
0;0;0;0;0;78;83;24;40;4899
0.114197;0.146445;-0.020447;0.009805
0;0;0;0;0;73;88;22;42;4891
0.112178;0.147404;-0.026240;0.016658
0;0;0;0;0;89;87;18;46;4891
0.109586;0.149034;-0.039274;0.030654
0;0;0;0;0;94;80;16;48;4884
0.105704;0.152030;-0.043204;0.035470
0;0;0;0;0;85;69;16;48;4825
0.101430;0.155493;-0.038930;0.032007
0;0;0;0;0;73;72;16;48;4833
0.097576;0.158615;-0.035076;0.028885
0;0;0;0;0;81;78;16;48;4855
0.094101;0.161429;-0.031601;0.026071
0;0;0;0;0;90;77;16;48;4848
0.090968;0.163967;-0.028468;0.023533
0;0;0;0;0;93;88;16;48;4891
0.088144;0.166256;-0.025644;0.021244
0;0;0;0;0;70;108;18;46;4863
0.085599;0.168321;-0.015286;0.011366
0;0;0;0;0;77;179;20;44;4863
0.084081;0.169425;-0.005956;0.002450
0;0;0;0;0;89;227;28;36;4891
0.083489;0.169663;0.025886;-0.029038
0;0;0;0;0;93;252;32;32;4863
0.086060;0.166842;0.038940;-0.041842
0;0;0;0;0;85;243;32;32;4899
0.089924;0.162771;0.035076;-0.037771
0;0;0;0;0;81;255;32;32;4863
0.093402;0.159092;0.031598;-0.034092
0;0;0;0;0;85;275;32;32;4891
0.096533;0.155767;0.028467;-0.030767
0;0;0;0;0;97;278;32;32;4891
0.099352;0.152764;0.025648;-0.027764
0;0;0;0;0;84;275;34;30;4848
0.101891;0.150051;0.030922;-0.032863
0;0;0;0;0;80;263;34;31;4876
0.104950;0.146837;0.027862;-0.025743
0;0;0;0;0;86;240;34;31;4848
0.107705;0.144317;0.025108;-0.023224
1;1;0;0;0;88;216;41;22;4863
0.245502;0.093309;-0.085346;-0.007372
1;1;1;0;0;86;184;44;21;4884
0.371351;0.050258;-0.199476;0.031773
1;1;1;1;0;76;112;48;17;4884
0.295565;0.022424;-0.108065;0.043982
1;1;1;1;0;81;76;52;13;4870
0.245502;0.044390;-0.042377;0.006391
0;0;0;1;0;88;71;54;10;4833
0.046485;0.114439;0.164453;-0.075376
0;0;0;1;0;93;76;52;12;4848
0.079242;0.099536;0.123883;-0.052661
0;0;0;1;0;76;76;52;13;4855
0.103810;0.089098;0.099315;-0.038317
0;0;0;1;0;88;76;52;13;4870
0.123416;0.081490;0.079709;-0.030709
0;0;0;1;0;89;76;50;15;4863
0.139083;0.075386;0.056230;-0.016793
0;0;0;1;0;105;71;50;14;4876
0.150094;0.072046;0.045219;-0.017359
0;0;0;1;0;86;92;48;16;4870
0.158921;0.068592;0.028579;-0.006092
0;0;0;1;0;89;96;48;16;4891
0.164488;0.067379;0.023012;-0.004879
0;0;0;1;0;96;103;48;15;4848
0.168962;0.066408;0.018538;-0.007814
0;0;1;0;0;103;96;48;17;4855
0.255215;0.092368;-0.067715;-0.025962
0;0;1;0;0;69;95;48;16;4863
0.242511;0.087218;-0.055011;-0.024718
0;0;1;0;0;69;93;46;18;4884
0.232129;0.082310;-0.052441;-0.011997
0;1;0;0;0;93;92;40;24;4891
0.192975;0.092133;-0.036725;0.001617
0;1;0;0;0;102;96;31;27;4884
0.185894;0.092453;-0.064800;0.013015
0;1;0;0;0;77;96;23;23;4906
0.173352;0.095034;-0.083508;-0.005190
0;1;0;0;0;56;95;6;6;4891
0.157107;0.094005;-0.133669;-0.070567
0;1;0;0;0;70;103;-1;-1;4899
0.130929;0.079998;-0.134835;-0.083905
0;1;0;0;0;138;137;-1;-1;4840
0.104337;0.063304;-0.108243;-0.067210
0;1;0;0;0;199;201;-1;-1;4863
0.082879;0.049905;-0.086785;-0.053811
0;1;0;0;0;289;243;-1;-1;4914
0.065618;0.039164;-0.069524;-0.043071
0;0;0;0;0;341;299;-1;-1;4899
0.041653;0.088079;-0.045559;-0.091985
0;0;0;0;0;396;327;-1;-1;4914
0.037104;0.078944;-0.041010;-0.082850
0;0;0;0;0;427;351;-1;-1;4863
0.033008;0.070706;-0.036914;-0.074612
0;0;0;0;0;412;339;-1;-1;4876
0.029320;0.063278;-0.033226;-0.067184
0;0;0;0;0;389;327;-1;-1;4891
0.026000;0.056584;-0.029906;-0.060490
0;0;0;0;0;387;313;-1;-1;4855
0.023011;0.050552;-0.026917;-0.054458
0;0;0;0;0;351;297;-1;-1;4906
0.020320;0.045119;-0.024227;-0.049025
0;0;0;0;0;326;275;-1;-1;4899
0.017899;0.040225;-0.021805;-0.044131
0;1;0;0;0;284;255;-1;-1;4884
0.025845;-0.021900;-0.029752;0.017994
0;1;0;0;0;252;231;-1;-1;4884
0.019898;-0.018303;-0.023804;0.014396
0;1;0;0;0;205;190;-1;-1;4891
0.015139;-0.015424;-0.019045;0.011518
0;1;0;0;0;143;161;-1;-1;4855
0.011330;-0.013121;-0.015237;0.009215
0;1;0;0;0;97;115;-1;-1;4891
0.008283;-0.011278;-0.012190;0.007372
0;1;0;0;0;52;95;-1;-1;4891
0.005846;-0.009804;-0.009752;0.005898
0;1;0;0;0;52;100;-1;-1;4863
0.003895;-0.008624;-0.007801;0.004718
0;1;0;0;0;56;96;-1;-1;4884
0.002335;-0.007681;-0.006241;0.003775
0;1;0;0;0;58;100;-1;-1;4855
0.001087;-0.006926;-0.004993;0.003020
0;1;0;0;0;61;99;-1;-1;4891
0.000088;-0.006322;-0.003994;0.002416
0;1;0;0;0;62;99;-1;-1;4914
-0.000711;-0.005839;-0.003195;0.001933
0;1;0;0;0;51;100;-1;-1;4840
-0.001350;-0.005453;-0.002556;0.001546
0;1;0;0;0;65;96;-1;-1;4906
-0.001861;-0.005143;-0.002045;0.001237
0;1;0;0;0;65;96;-1;-1;4914
-0.002270;-0.004896;-0.001636;0.000990
0;1;0;0;0;48;99;-1;-1;4914
-0.002597;-0.004896;-0.001309;0.000990
0;1;0;0;0;48;99;-1;0;4914
-0.002859;-0.004896;-0.001047;0.004896
0;1;0;0;0;68;99;-1;-1;4891
-0.003069;-0.003917;-0.000838;0.000010
0;1;0;0;0;56;100;-1;-1;4891
-0.003069;-0.003917;-0.000838;0.000010
0;1;0;0;0;39;100;-1;-1;4884
-0.003069;-0.003917;-0.000838;0.000010
0;1;0;0;0;48;95;-1;-1;4891
-0.003069;-0.003917;-0.000838;0.000010
0;1;0;0;0;61;100;-1;-1;4891
-0.003069;-0.003917;-0.000838;0.000010
0;1;0;0;0;61;96;-1;-1;4891
-0.003069;-0.003917;-0.000838;0.000010
0;1;0;0;0;52;100;-1;-1;4855
-0.003069;-0.003917;-0.000838;0.000010
0;1;0;0;0;65;101;-1;-1;4855
-0.003069;-0.003917;-0.000838;0.000010
0;1;0;0;0;61;100;-1;-1;4884
-0.003069;-0.003917;-0.000838;0.000010
0;1;0;0;0;66;100;-1;0;4884
-0.003069;-0.003917;-0.000838;0.003917
0;1;0;0;0;47;99;-1;-1;4891
-0.003069;-0.003133;-0.000838;-0.000773
0;1;0;0;0;61;100;-1;-1;4870
-0.003069;-0.003133;-0.000838;-0.000773
0;1;0;0;0;62;99;-1;-1;4884
-0.003069;-0.003133;-0.000838;-0.000773
0;1;0;0;0;61;100;-1;-1;4891
-0.003069;-0.003133;-0.000838;-0.000773
0;1;0;0;0;73;99;-1;-1;4891
-0.003069;-0.003133;-0.000838;-0.000773
0;1;0;0;0;65;100;-1;-1;4855
-0.003069;-0.003133;-0.000838;-0.000773
0;1;0;0;0;62;100;-2;-2;4863
-0.003069;-0.003133;-0.004744;-0.004679
0;1;0;0;0;90;99;-1;-1;4891
-0.004017;-0.004069;0.000111;0.000163
0;1;0;0;0;65;100;-1;-1;4899
-0.004017;-0.004069;0.000111;0.000163
0;1;0;0;0;77;99;-1;-1;4870
-0.004017;-0.004069;0.000111;0.000163
0;1;0;0;0;86;99;-1;-1;4899
-0.004017;-0.004069;0.000111;0.000163
0;1;0;0;0;60;100;-1;0;4870
-0.004017;-0.004069;0.000111;0.004069
0;1;0;0;0;65;95;-1;-1;4891
-0.004017;-0.003255;0.000111;-0.000651
0;1;0;0;0;81;100;-1;-1;4891
-0.004017;-0.003255;0.000111;-0.000651
0;1;0;0;0;73;99;-1;-1;4891
-0.004017;-0.003255;0.000111;-0.000651
0;1;0;0;0;51;100;-1;-1;4884
-0.004017;-0.003255;0.000111;-0.000651
0;1;0;0;0;39;99;-1;-1;4891
-0.004017;-0.003255;0.000111;-0.000651
0;1;0;0;0;35;99;-1;-1;4884
-0.004017;-0.003255;0.000111;-0.000651
0;1;0;0;0;43;100;-1;-1;4884
-0.004017;-0.003255;0.000111;-0.000651
0;1;0;0;0;39;99;-1;-1;4891
-0.004017;-0.003255;0.000111;-0.000651
0;1;0;0;0;27;100;-2;-2;4884
-0.004017;-0.003255;-0.003795;-0.004557
0;1;0;0;0;44;99;-1;-1;4891
-0.004776;-0.004167;0.000870;0.000261
0;1;0;0;0;39;96;-1;-1;4884
-0.004776;-0.004167;0.000870;0.000261
0;1;0;0;0;43;99;0;-1;4906
-0.004776;-0.004167;0.004776;0.000261
0;1;0;0;0;38;100;-1;-1;4797
-0.003821;-0.004167;-0.000085;0.000261
0;1;0;0;0;69;100;-1;-1;4891
-0.003821;-0.004167;-0.000085;0.000261
0;1;0;0;0;73;100;-1;-1;4891
-0.003821;-0.004167;-0.000085;0.000261
0;1;0;0;0;48;96;-1;-1;4863
-0.003821;-0.004167;-0.000085;0.000261
0;1;0;0;0;64;99;-1;-1;4876
-0.003821;-0.004167;-0.000085;0.000261
0;1;0;0;0;73;100;-1;-1;4891
-0.003821;-0.004167;-0.000085;0.000261
0;1;0;0;0;64;99;-1;-1;4870
-0.003821;-0.004167;-0.000085;0.000261
0;1;0;0;0;62;99;0;-1;4891
-0.003821;-0.004167;0.003821;0.000261
0;1;0;0;0;64;96;-1;-1;4906
-0.003057;-0.004167;-0.000849;0.000261
0;1;0;0;0;64;97;-1;-2;4870
-0.003057;-0.004167;-0.000849;-0.003646
0;1;0;0;0;73;100;-1;-1;4825
-0.003057;-0.004896;-0.000849;0.000990
0;1;0;0;0;65;99;-1;-1;4891
-0.003057;-0.004896;-0.000849;0.000990
0;1;0;0;0;54;99;-1;-1;4884
-0.003057;-0.004896;-0.000849;0.000990
0;1;0;0;0;65;100;-1;-1;4876
-0.003057;-0.004896;-0.000849;0.000990
0;1;0;0;0;61;99;-1;-1;4891
-0.003057;-0.004896;-0.000849;0.000990
0;1;0;0;0;64;99;-1;-1;4863
-0.003057;-0.004896;-0.000849;0.000990
0;1;0;0;0;66;101;-1;-1;4848
-0.003057;-0.004896;-0.000849;0.000990
0;1;0;0;0;56;100;-1;-1;4891
-0.003057;-0.004896;-0.000849;0.000990
0;1;0;0;0;68;99;-1;-1;4884
-0.003057;-0.004896;-0.000849;0.000990
0;1;0;0;0;63;101;-1;0;4818
-0.003057;-0.004896;-0.000849;0.004896
0;1;0;0;0;62;100;-1;-1;4855
-0.003057;-0.003917;-0.000849;0.000010
0;1;0;0;0;73;99;-1;-1;4863
-0.003057;-0.003917;-0.000849;0.000010
0;1;0;0;0;73;100;-1;-1;4891
-0.003057;-0.003917;-0.000849;0.000010
0;1;0;0;0;44;100;-1;-1;4899
-0.003057;-0.003917;-0.000849;0.000010
0;1;0;0;0;56;99;-1;-1;4891
-0.003057;-0.003917;-0.000849;0.000010
0;1;0;0;0;69;100;-1;-1;4840
-0.003057;-0.003917;-0.000849;0.000010
0;1;0;0;0;55;100;-1;-1;4840
-0.003057;-0.003917;-0.000849;0.000010
0;1;0;0;0;52;101;-1;-1;4855
-0.003057;-0.003917;-0.000849;0.000010
0;1;0;0;0;65;99;-1;-1;4891
-0.003057;-0.003917;-0.000849;0.000010
0;1;0;0;0;60;100;-1;-1;4884
-0.003057;-0.003917;-0.000849;0.000010
0;1;0;0;0;61;99;-1;-1;4863
-0.003057;-0.003917;-0.000849;0.000010
0;1;0;0;0;68;95;-1;-1;4876
-0.003057;-0.003917;-0.000849;0.000010
0;1;0;0;0;60;100;-1;-1;4891
-0.003057;-0.003917;-0.000849;0.000010
0;1;0;0;0;65;99;-1;-1;4899
-0.003057;-0.003917;-0.000849;0.000010
0;1;0;0;0;69;100;-1;-1;4876
-0.003057;-0.003917;-0.000849;0.000010
0;1;0;0;0;52;99;-1;-1;4891
-0.003057;-0.003917;-0.000849;0.000010
0;1;0;0;0;52;99;-1;-1;4899
-0.003057;-0.003917;-0.000849;0.000010
0;1;0;0;0;61;96;-1;-1;4891
-0.003057;-0.003917;-0.000849;0.000010
0;1;0;0;0;65;99;-1;-1;4863
-0.003057;-0.003917;-0.000849;0.000010
0;1;0;0;0;57;100;-1;-1;4833
-0.003057;-0.003917;-0.000849;0.000010
0;1;0;0;0;52;99;-1;-1;4906
-0.003057;-0.003917;-0.000849;0.000010
0;1;0;0;0;69;100;-1;-1;4891
-0.003057;-0.003917;-0.000849;0.000010
0;1;0;0;0;51;96;-1;-2;4891
-0.003057;-0.003917;-0.000849;-0.003896
0;1;0;0;0;52;99;-1;-1;4855
-0.003057;-0.004696;-0.000849;0.000790
0;1;0;0;0;60;100;-1;-1;4848
-0.003057;-0.004696;-0.000849;0.000790
0;1;0;0;0;60;99;-1;0;4848
-0.003057;-0.004696;-0.000849;0.004696
0;1;0;0;0;56;100;-1;-1;4863
-0.003057;-0.003757;-0.000849;-0.000150
0;1;0;0;0;62;100;-1;-1;4891
-0.003057;-0.003757;-0.000849;-0.000150
0;1;0;0;0;51;100;-1;-1;4804
-0.003057;-0.003757;-0.000849;-0.000150
0;1;0;0;0;51;99;-1;-1;4891
-0.003057;-0.003757;-0.000849;-0.000150
0;1;0;0;0;56;101;-1;-1;4840
-0.003057;-0.003757;-0.000849;-0.000150
0;1;0;0;0;69;100;-1;-1;4870
-0.003057;-0.003757;-0.000849;-0.000150
0;1;0;0;0;48;99;-1;-1;4891
-0.003057;-0.003757;-0.000849;-0.000150
0;1;0;0;0;56;100;-1;-1;4870
-0.003057;-0.003757;-0.000849;-0.000150
0;1;0;0;0;69;99;-1;-1;4855
-0.003057;-0.003757;-0.000849;-0.000150
0;1;0;0;0;51;100;-1;-1;4884
-0.003057;-0.003757;-0.000849;-0.000150
0;1;0;0;0;44;100;-1;-1;4906
-0.003057;-0.003757;-0.000849;-0.000150
0;1;0;0;0;75;99;-1;-1;4848
-0.003057;-0.003757;-0.000849;-0.000150
0;1;0;0;0;59;100;-1;-1;4825
-0.003057;-0.003757;-0.000849;-0.000150
0;1;0;0;0;39;99;-1;-1;4891
-0.003057;-0.003757;-0.000849;-0.000150
0;1;0;0;0;51;100;-1;-1;4891
-0.003057;-0.003757;-0.000849;-0.000150
0;1;0;0;0;61;100;-1;-1;4891
-0.003057;-0.003757;-0.000849;-0.000150
0;1;0;0;0;50;100;-1;-1;4863
-0.003057;-0.003757;-0.000849;-0.000150
0;1;0;0;0;77;100;-1;-1;4891
-0.003057;-0.003757;-0.000849;-0.000150
0;1;0;0;0;78;101;-1;-1;4825
-0.003057;-0.003757;-0.000849;-0.000150
0;1;0;0;0;73;100;-1;0;4906
-0.003057;-0.003757;-0.000849;0.003757
0;1;0;0;0;86;99;-1;-1;4891
-0.003057;-0.003005;-0.000849;-0.000901
0;1;0;0;0;85;100;-1;-1;4891
-0.003057;-0.003005;-0.000849;-0.000901
0;1;0;0;0;80;101;-1;-1;4863
-0.003057;-0.003005;-0.000849;-0.000901
0;1;0;0;0;73;99;-1;-1;4884
-0.003057;-0.003005;-0.000849;-0.000901
0;1;0;0;0;73;96;-1;-1;4863
-0.003057;-0.003005;-0.000849;-0.000901
0;1;0;0;0;48;99;-1;-1;4891
-0.003057;-0.003005;-0.000849;-0.000901
0;1;0;0;0;35;100;-1;-1;4855
-0.003057;-0.003005;-0.000849;-0.000901
0;1;0;0;0;39;99;-1;-1;4891
-0.003057;-0.003005;-0.000849;-0.000901
0;1;0;0;0;27;99;-1;-1;4891
-0.003057;-0.003005;-0.000849;-0.000901
0;1;0;0;0;5;99;-1;-1;4870
-0.003057;-0.003005;-0.000849;-0.000901
0;1;0;0;0;10;103;-1;0;4848
-0.003057;-0.003005;-0.000849;0.003005
0;1;0;0;0;5;100;-1;-1;4848
-0.003057;-0.002404;-0.000849;-0.001502
0;1;0;0;0;30;99;-1;-1;4848
-0.003057;-0.002705;-0.000849;-0.001201
0;1;0;0;0;56;100;-1;-1;4804
-0.003057;-0.002945;-0.000849;-0.000961
0;1;0;0;0;52;99;-1;-1;4906
-0.003057;-0.002945;-0.000849;-0.000961
0;1;0;0;0;62;99;-1;-1;4891
-0.003057;-0.002945;-0.000849;-0.000961
0;1;0;0;0;81;99;-2;-1;4891
-0.003057;-0.002945;-0.004756;-0.000961
0;1;0;0;0;71;99;-1;-1;4863
-0.004008;-0.002945;0.000102;-0.000961
0;1;0;0;0;65;100;-1;-1;4870
-0.004008;-0.002945;0.000102;-0.000961
0;1;0;0;0;74;99;-1;-1;4891
-0.004008;-0.002945;0.000102;-0.000961
0;1;0;0;0;77;100;-1;-1;4855
-0.004008;-0.002945;0.000102;-0.000961
0;1;0;0;0;74;100;-1;-1;4899
-0.004008;-0.002945;0.000102;-0.000961
0;1;0;0;0;65;99;-1;-1;4899
-0.004008;-0.002945;0.000102;-0.000961
0;1;0;0;0;61;96;-1;-1;4884
-0.004008;-0.002945;0.000102;-0.000961
0;1;0;0;0;67;100;-1;-1;4789
-0.004008;-0.002945;0.000102;-0.000961
0;1;0;0;0;65;96;-1;-1;4876
-0.004008;-0.002945;0.000102;-0.000961
0;1;0;0;0;57;99;-1;-1;4891
-0.004008;-0.002945;0.000102;-0.000961
0;1;0;0;0;60;100;-1;-1;4884
-0.004008;-0.002945;0.000102;-0.000961
