0;0;1;0;0;0;0;-1;-1;4906
-0.396615;0.194239;0.392709;-0.198146
0;0;1;0;0;0;0;-1;0;4906
-0.328445;0.155830;0.324539;-0.155830
0;0;1;0;0;0;0;-1;-1;4899
-0.269363;0.125282;0.265457;-0.129188
0;0;1;0;0;0;0;0;-3;4870
-0.219457;0.099773;0.219457;-0.111492
0;0;1;0;0;0;0;-1;-1;4891
-0.177300;0.077651;0.173394;-0.081557
0;0;1;0;0;0;0;-1;-1;4899
-0.143518;0.061419;0.139611;-0.065325
0;0;1;0;0;0;0;-1;-1;4891
-0.116068;0.048393;0.112161;-0.052300
0;0;1;0;0;0;0;-1;-1;4884
-0.093883;0.037953;0.089977;-0.041859
0;0;1;0;0;0;0;3;3;4863
-0.076018;0.029591;0.087737;-0.017872
0;0;1;0;0;0;0;9;10;4870
-0.058551;0.026019;0.093707;0.013043
0;0;1;0;0;0;0;12;12;4863
-0.039855;0.028626;0.086730;0.018249
0;0;1;0;0;0;0;11;13;4812
-0.022527;0.032272;0.065495;0.018509
0;0;1;0;0;0;0;12;12;4804
-0.009431;0.035970;0.056306;0.010905
0;0;1;0;0;0;0;12;12;4876
0.001830;0.038148;0.045045;0.008727
0;0;1;0;0;0;0;12;13;4855
0.010838;0.039891;0.036037;0.010891
0;0;1;0;0;0;0;12;12;4870
0.018044;0.042065;0.028831;0.004810
0;0;1;0;0;0;0;23;24;4825
0.052746;0.060615;0.037097;0.033135
0;0;1;0;0;0;0;23;24;4812
0.060142;0.067215;0.029702;0.026535
0;0;1;0;0;0;0;23;24;4833
0.066059;0.072496;0.023785;0.021254
0;0;1;0;0;0;0;23;24;4833
0.070794;0.076723;0.019050;0.017027
0;0;1;0;0;0;0;23;23;4825
0.074583;0.080108;0.015260;0.009736
0;0;0;0;0;0;0;23;23;4848
-0.150156;0.141782;0.240000;-0.051939
0;0;1;1;0;0;0;26;27;4738
0.095932;0.036435;0.005630;0.069034
0;0;1;1;0;0;0;23;24;4863
0.097606;0.057099;-0.007762;0.036651
0;0;1;1;0;0;0;28;25;4797
0.095299;0.068051;0.014076;0.029605
0;0;1;1;0;0;0;25;22;4855
0.099482;0.076886;-0.001825;0.009052
0;0;1;1;0;0;0;26;26;4825
0.098939;0.079585;0.002623;0.021978
0;0;1;1;0;0;0;26;27;4797
0.099718;0.086133;0.001844;0.019336
0;0;1;1;0;0;0;29;25;4804
0.100266;0.091887;0.013015;0.005769
0;0;1;1;0;0;0;32;27;4833
0.104130;0.093603;0.020870;0.011865
0;0;1;1;0;0;0;31;28;4825
0.110319;0.097131;0.010775;0.012244
0;0;1;1;0;0;0;31;28;4774
0.113511;0.100768;0.007583;0.008607
0;0;1;1;0;0;0;31;28;4855
0.115756;0.103323;0.005338;0.006052
0;0;1;0;0;0;0;31;27;4797
0.115687;0.122454;0.005406;-0.016985
0;0;1;0;0;0;0;31;27;4812
0.116754;0.119106;0.004340;-0.013638
0;0;1;0;0;0;0;28;25;4870
0.117610;0.116417;-0.008235;-0.018760
0;0;1;0;0;0;0;28;25;4789
0.115985;0.112714;-0.006610;-0.015058
0;0;1;0;0;0;0;28;24;4848
0.114681;0.109740;-0.005306;-0.015990
0;0;1;0;0;0;0;28;24;4825
0.113634;0.106579;-0.004259;-0.012829
0;0;1;0;0;0;0;28;25;4863
0.112793;0.104042;-0.003418;-0.006386
0;0;1;0;0;0;0;26;27;4855
0.112118;0.102778;-0.010555;0.002690
0;0;1;0;0;0;0;26;26;4863
0.110033;0.103311;-0.008470;-0.001748
0;0;1;0;0;0;0;26;26;4863
0.108359;0.102965;-0.006797;-0.001402
0;0;1;0;0;0;0;29;30;4855
0.107015;0.102687;0.006266;0.014500
0;0;1;0;0;0;0;32;32;4884
0.108254;0.105556;0.016746;0.019444
0;0;1;0;0;0;0;32;32;4825
0.111563;0.109400;0.013437;0.015600
0;0;1;0;0;0;0;32;32;4855
0.114216;0.112482;0.010784;0.012518
0;0;1;0;0;0;0;36;34;4870
0.116344;0.114953;0.024281;0.017860
0;0;1;0;0;0;0;35;35;4870
0.121132;0.118476;0.015587;0.018243
0;0;1;0;0;0;0;34;35;4812
0.124202;0.122072;0.008610;0.014647
0;0;1;0;0;0;0;34;35;4863
0.125897;0.124956;0.006915;0.011762
0;0;1;0;0;0;0;34;34;4876
0.127258;0.127271;0.005554;0.005541
0;1;1;0;0;0;0;35;35;4848
0.095776;0.115208;0.040943;0.021511
0;0;1;0;0;0;0;35;35;4863
0.136396;0.132591;0.000323;0.004128
0;1;1;0;0;0;0;35;35;4833
0.107931;0.122384;0.028787;0.014335
0;1;1;0;0;0;0;35;35;4840
0.116459;0.126618;0.020260;0.010101
0;0;1;0;0;0;0;34;35;4863
0.146010;0.138199;-0.013197;-0.001480
0;1;1;0;0;0;0;35;35;4818
0.119849;0.129307;0.016869;0.007411
0;1;1;0;0;0;0;34;37;4870
0.124834;0.131493;0.007978;0.013038
0;0;1;0;0;0;0;35;35;4833
0.148289;0.141918;-0.011570;-0.005199
0;1;1;0;0;0;0;35;35;4855
0.124913;0.134314;0.011806;0.002405
0;0;1;0;0;0;0;34;34;4804
0.148335;0.141370;-0.015523;-0.008558
0;1;1;0;0;0;0;34;35;4855
0.125343;0.133341;0.007469;0.003377
0;1;1;0;0;0;0;34;35;4825
0.127548;0.134336;0.005265;0.002382
0;1;1;0;0;0;0;35;35;4840
0.129101;0.135038;0.007617;0.001681
0;1;1;0;0;0;0;35;35;4899
0.131348;0.135533;0.005371;0.001186
0;0;1;0;0;0;0;35;35;4848
0.150330;0.141384;-0.013611;-0.004665
0;0;1;0;0;0;0;35;35;4855
0.147668;0.140469;-0.010949;-0.003751
0;0;1;0;0;0;0;35;37;4789
0.145525;0.139734;-0.008806;0.004797
0;0;1;0;0;0;0;35;35;4825
0.143801;0.140675;-0.007082;-0.003956
0;0;1;0;0;0;0;34;35;4797
0.142413;0.139899;-0.009601;-0.003180
0;0;1;0;0;0;0;34;35;4825
0.140532;0.139275;-0.007719;-0.002557
0;0;1;0;0;0;0;35;35;4825
0.139018;0.138774;-0.002299;-0.002055
0;0;1;0;0;0;0;35;35;4797
0.138567;0.138371;-0.001848;-0.001652
0;0;1;0;0;0;0;35;35;4840
0.138204;0.138047;-0.001486;-0.001328
0;0;1;0;0;0;0;35;35;4863
0.137913;0.137786;-0.001194;-0.001067
0;0;1;0;0;0;0;34;35;4870
0.137679;0.137577;-0.004866;-0.000858
0;0;1;0;0;0;0;35;35;4812
0.136724;0.137577;-0.000005;-0.000858
0;0;1;0;0;0;0;35;35;4812
0.136724;0.137577;-0.000005;-0.000858
0;0;1;0;0;0;0;34;35;4774
0.136724;0.137577;-0.003911;-0.000858
0;0;1;0;0;0;0;35;35;4789
0.135956;0.137577;0.000763;-0.000858
0;0;1;0;0;0;0;35;35;4870
0.135956;0.137577;0.000763;-0.000858
0;0;1;0;0;0;0;35;35;4863
0.135956;0.137577;0.000763;-0.000858
0;0;1;0;0;0;0;37;33;4833
0.135956;0.137577;0.008575;-0.008671
0;0;1;0;0;0;0;37;33;4863
0.137639;0.135875;0.006892;-0.006969
0;0;1;0;0;0;0;37;33;4855
0.138991;0.134507;0.005540;-0.005601
0;0;1;0;0;0;0;37;33;4825
0.140078;0.133407;0.004454;-0.004501
0;0;1;0;0;0;0;36;33;4848
0.140951;0.132523;-0.000326;-0.003616
0;0;1;0;0;0;0;37;33;4848
0.140951;0.131812;0.003580;-0.002906
0;0;1;0;0;0;0;36;33;4855
0.141653;0.131241;-0.001028;-0.002335
0;0;1;0;0;0;0;36;33;4848
0.141451;0.130782;-0.000826;-0.001876
0;0;1;0;0;0;0;37;33;4863
0.141451;0.130413;0.003080;-0.001507
0;1;1;0;0;0;0;37;33;4863
0.124615;0.124599;0.019916;0.004308
0;1;1;0;0;0;0;37;33;4833
0.130493;0.125871;0.014038;0.003036
0;0;1;0;0;0;0;37;33;4825
0.148702;0.131560;-0.004171;-0.002654
0;1;1;0;0;0;0;36;33;4848
0.133811;0.126244;0.006814;0.002662
0;1;1;0;0;0;0;41;29;4797
0.135818;0.127030;0.024338;-0.013749
0;1;1;0;0;0;0;42;27;4870
0.142978;0.122970;0.021085;-0.017501
0;1;1;0;0;0;0;44;25;4863
0.149168;0.117796;0.022707;-0.020139
0;1;0;0;0;0;0;44;25;4870
-0.102706;0.149190;0.274581;-0.051533
0;1;0;0;0;0;0;45;25;4825
-0.048116;0.139097;0.223897;-0.041441
0;1;0;0;0;0;0;44;25;4863
-0.003374;0.130960;0.175249;-0.033304
0;1;0;0;0;0;0;45;25;4848
0.031666;0.124408;0.144116;-0.026752
0;1;0;0;0;0;0;45;25;4812
0.060426;0.119137;0.115356;-0.021481
0;0;0;0;0;0;0;44;25;4855
-0.002884;0.141649;0.174759;-0.043993
1;0;0;0;0;0;0;45;25;4884
-0.036563;0.142326;0.212344;-0.044670
1;0;0;0;0;0;0;47;23;4833
0.005890;0.133562;0.177704;-0.043718
1;0;0;0;0;0;0;47;23;4848
0.041407;0.124965;0.142187;-0.035121
1;0;0;0;0;0;0;47;23;4863
0.069755;0.118044;0.113839;-0.028201
1;0;0;0;0;0;0;50;19;4731
0.092372;0.112479;0.102941;-0.038260
0;0;0;0;0;1;0;53;17;4804
0.089256;0.118650;0.117776;-0.052244
0;0;0;0;0;0;0;53;17;4731
0.100926;0.113496;0.106105;-0.047090
0;0;0;0;0;0;0;52;17;4797
0.111417;0.108846;0.091708;-0.042439
0;0;0;0;0;0;1;55;15;4812
0.120465;0.104650;0.094379;-0.046056
0;0;0;0;0;0;1;55;15;4863
0.129755;0.100093;0.085089;-0.041499
0;0;0;0;0;0;1;54;15;4876
0.138111;0.095983;0.072826;-0.037389
0;0;0;0;0;0;1;54;16;4804
0.145247;0.092277;0.065690;-0.029777
0;0;0;0;0;0;1;54;15;4863
0.151671;0.089324;0.059266;-0.030730
0;0;0;0;0;0;1;54;15;4855
0.157456;0.086275;0.053481;-0.027681
0;0;0;0;0;0;1;52;17;4863
0.162668;0.083526;0.040457;-0.017120
0;0;0;0;0;0;1;51;19;4855
0.166604;0.081826;0.032615;-0.007607
0;0;0;0;0;0;1;45;25;4825
0.169773;0.081070;0.006008;0.016586
0;0;0;0;0;0;0;36;32;4848
0.170356;0.082718;-0.029731;0.042282
0;0;0;0;0;0;0;37;33;4855
0.167468;0.086916;-0.022937;0.041991
0;0;0;0;0;0;0;36;32;4855
0.165238;0.091082;-0.024613;0.033918
0;0;0;0;0;0;0;36;33;4848
0.162843;0.094444;-0.022218;0.034462
0;0;0;0;0;0;0;37;32;4855
0.160679;0.097858;-0.016148;0.027142
0;0;0;0;0;0;0;37;33;4840
0.159106;0.100546;-0.014574;0.028360
0;0;0;0;0;0;0;34;35;4870
0.157685;0.103352;-0.024872;0.033366
0;0;0;0;0;0;0;38;38;4863
0.155258;0.106652;-0.006821;0.041785
0;0;0;0;0;0;0;35;35;4840
0.154593;0.110781;-0.017874;0.025937
0;0;0;0;0;0;0;37;38;4848
0.152848;0.113343;-0.008316;0.035095
0;0;0;0;0;0;0;38;36;4863
0.152035;0.116806;-0.003598;0.023819
0;0;0;0;0;0;0;36;40;4848
0.151684;0.119154;-0.011059;0.037096
0;0;0;0;0;0;0;32;43;4833
0.150603;0.122810;-0.025603;0.045159
0;0;0;0;0;0;0;30;46;4848
0.148100;0.127255;-0.030912;0.052433
0;0;0;0;0;0;0;30;46;4797
0.145075;0.132410;-0.027888;0.047278
0;0;0;0;0;0;0;30;46;4840
0.142344;0.137052;-0.025157;0.042636
0;0;0;0;0;0;0;27;43;4840
0.139878;0.141233;-0.034410;0.026736
0;0;0;0;0;0;0;30;46;4818
0.136503;0.143852;-0.019316;0.035835
0;0;0;0;0;0;0;28;48;4746
0.134607;0.147360;-0.025232;0.040140
0;0;0;0;0;0;0;26;50;4848
0.132129;0.151284;-0.030566;0.044028
0;0;0;0;0;0;0;25;50;4863
0.129124;0.155583;-0.031468;0.039729
0;0;0;0;0;0;0;26;50;4848
0.126029;0.159458;-0.024466;0.035855
0;0;0;0;0;0;0;26;50;4833
0.123620;0.162950;-0.022058;0.032363
0;0;0;0;0;0;0;26;50;4825
0.121448;0.166098;-0.019885;0.029214
0;0;0;0;0;0;0;26;50;4855
0.119488;0.168938;-0.017925;0.026375
0;0;0;0;0;0;0;24;52;4848
0.117721;0.171499;-0.023971;0.031626
0;0;0;0;0;0;0;22;54;4804
0.115356;0.174567;-0.029419;0.036371
0;0;0;0;0;0;0;22;54;4812
0.112453;0.178091;-0.026515;0.032847
0;0;0;0;0;0;0;0;0;4884
0.109834;0.181270;-0.109834;-0.181270
0;0;0;0;0;0;0;22;54;4833
0.098970;0.163682;-0.013033;0.047255
0;0;0;0;0;0;0;22;54;4833
0.097680;0.168278;-0.011742;0.042660
0;0;0;0;0;0;0;22;54;4833
0.096516;0.172420;-0.010579;0.038518
0;0;0;0;0;0;0;22;54;4774
0.095468;0.176155;-0.009531;0.034783
0;0;0;0;0;0;0;22;54;4812
0.094524;0.179523;-0.008586;0.031415
0;0;0;0;0;0;0;22;54;4825
0.093673;0.182561;-0.007735;0.028376
0;0;0;0;0;0;0;20;56;4848
0.092906;0.185303;-0.014781;0.033447
0;0;0;0;0;0;0;20;56;4840
0.091441;0.188531;-0.013315;0.030219
0;0;0;0;0;0;0;20;56;4789
0.090120;0.191444;-0.011995;0.027306
0;0;0;0;0;0;1;20;56;4848
0.088930;0.194073;-0.010805;0.024677
0;0;0;0;0;0;1;20;56;4818
0.087858;0.196446;-0.009733;0.022304
0;0;0;0;0;0;1;20;56;4812
0.086892;0.198590;-0.008767;0.020160
0;0;0;0;0;0;0;20;56;4840
0.086022;0.200526;-0.007897;0.018224
0;0;0;0;0;0;0;19;57;4855
0.085238;0.202274;-0.011019;0.020382
0;0;0;0;0;0;0;20;56;4738
0.084144;0.204228;-0.006019;0.014522
0;0;0;0;0;0;0;20;56;4818
0.083546;0.205619;-0.005421;0.013131
0;0;0;0;0;0;0;24;52;4870
0.083008;0.206876;0.010742;-0.003751
0;0;0;0;0;0;1;32;44;4825
0.084075;0.206517;0.040925;-0.034642
0;0;0;0;0;0;1;38;38;4833
0.088137;0.203199;0.060301;-0.054761
0;0;0;0;0;0;1;38;38;4870
0.094117;0.197943;0.054321;-0.049505
0;0;0;0;0;0;1;37;38;4825
0.099498;0.193181;0.045033;-0.044744
0;0;0;0;0;0;1;37;38;4855
0.103955;0.188870;0.040576;-0.040433
0;0;0;0;0;0;1;38;38;4833
0.107967;0.184968;0.040471;-0.036531
0;0;0;0;0;0;1;38;38;4870
0.111965;0.181438;0.036473;-0.033000
0;0;0;0;0;0;1;38;38;4863
0.115565;0.178245;0.032872;-0.029807
0;0;0;0;0;0;1;37;38;4870
0.118807;0.175357;0.025724;-0.026920
0;0;0;0;0;0;1;40;41;4797
0.121342;0.172747;0.034908;-0.012590
0;0;0;0;0;0;1;38;42;4848
0.124780;0.171525;0.023657;-0.007462
0;0;0;0;0;0;1;36;45;4863
0.127108;0.170801;0.013517;0.004981
0;0;0;0;0;0;1;34;46;4767
0.128438;0.171284;0.004374;0.008403
0;0;0;0;0;0;1;34;46;4825
0.128868;0.172100;0.003944;0.007588
0;0;0;0;0;0;1;34;47;4863
0.129256;0.172836;0.003556;0.010758
0;0;0;0;0;0;1;34;46;4812
0.129606;0.173879;0.003207;0.005808
0;0;0;0;0;0;1;36;45;4797
0.129921;0.174443;0.010704;0.001339
0;0;0;0;0;0;1;38;42;4797
0.130973;0.174572;0.017464;-0.010510
0;0;0;0;0;0;1;38;43;4804
0.132689;0.173553;0.015748;-0.005584
0;0;0;0;0;0;1;38;43;4774
0.134236;0.173011;0.014202;-0.005043
0;0;0;0;0;0;1;40;41;4863
0.135630;0.172522;0.020620;-0.012366
0;0;0;0;0;0;1;40;41;4848
0.137654;0.171322;0.018596;-0.011166
0;0;0;0;0;0;1;40;41;4833
0.139478;0.170238;0.016772;-0.010082
0;0;0;0;0;0;1;40;40;4863
0.141122;0.169259;0.015128;-0.013009
0;0;0;0;0;0;0;40;41;4848
0.142604;0.167995;0.013646;-0.007839
0;0;0;0;0;0;0;40;40;4797
0.143941;0.167233;0.012309;-0.010983
0;0;0;0;0;0;0;40;40;4833
0.145146;0.166166;0.011104;-0.009916
0;0;0;0;0;0;0;40;40;4825
0.146233;0.165201;0.010017;-0.008951
0;0;0;0;0;0;0;40;40;4891
0.147213;0.164330;0.009037;-0.008080
0;0;0;0;0;0;0;40;41;4863
0.148097;0.163544;0.008153;-0.003388
0;0;0;0;0;0;0;40;41;4870
0.148894;0.163214;0.007356;-0.003058
0;0;0;0;0;0;0;40;40;4812
0.149613;0.162917;0.006637;-0.006667
0;0;0;0;0;0;0;40;40;4804
0.150262;0.162267;0.005988;-0.006018
0;0;0;0;0;0;0;40;40;4825
0.150847;0.161682;0.005403;-0.005432
0;0;0;0;0;0;0;40;40;4855
0.151375;0.161153;0.004875;-0.004903
0;0;0;0;0;0;0;40;41;4818
0.151852;0.160675;0.004398;-0.000519
0;0;0;0;0;0;0;40;41;4767
0.152281;0.160675;0.003969;-0.000519
0;0;0;0;0;0;0;40;41;4863
0.152669;0.160675;0.003581;-0.000519
0;0;0;0;0;0;0;40;41;4848
0.153019;0.160675;0.003231;-0.000519
0;0;0;0;0;0;0;40;40;4833
0.153334;0.160675;0.002916;-0.004425
0;0;0;0;0;0;0;38;42;4848
0.153619;0.160244;-0.005181;0.003819
0;0;0;0;0;0;0;38;43;4870
0.153113;0.160616;-0.004675;0.007353
0;0;0;0;0;0;0;36;44;4840
0.152656;0.161332;-0.012031;0.010543
0;0;0;0;0;0;0;37;45;4870
0.151481;0.162359;-0.006950;0.013422
0;0;0;0;0;0;0;36;44;4812
0.150802;0.163665;-0.010177;0.008210
0;0;0;0;0;0;0;34;46;4870
0.149807;0.164464;-0.016995;0.015223
0;0;0;0;0;0;0;32;49;4833
0.148146;0.165945;-0.023146;0.025461
0;0;0;0;0;0;0;29;52;4825
0.145881;0.168420;-0.032600;0.034705
0;0;0;0;0;0;0;25;53;4870
0.142689;0.171790;-0.045033;0.035241
0;0;0;0;0;0;0;27;54;4863
0.138274;0.175208;-0.032806;0.035729
0;0;0;0;0;0;0;25;56;4863
0.135055;0.178669;-0.037399;0.040081
0;0;0;0;0;0;0;25;57;4863
0.131382;0.182546;-0.033726;0.040110
0;0;0;0;0;0;0;25;56;4855
0.128066;0.186421;-0.030410;0.032329
0;0;0;0;0;0;0;25;57;4848
0.125074;0.189540;-0.027418;0.033117
0;0;0;0;0;0;0;25;56;4797
0.122374;0.192730;-0.024718;0.026020
0;0;0;0;0;0;0;25;57;4863
0.119938;0.195234;-0.022282;0.027422
0;0;0;0;0;0;0;25;56;4774
0.117742;0.197871;-0.020085;0.020879
0;0;0;0;0;0;0;27;55;4812
0.115760;0.199876;-0.010292;0.014968
0;0;0;0;0;0;0;28;53;4855
0.114745;0.201312;-0.005370;0.005719
0;0;0;0;0;0;0;28;53;4863
0.114215;0.201861;-0.004840;0.005170
0;0;0;0;0;0;0;32;49;4797
0.113737;0.202357;0.011263;-0.010951
0;0;0;0;0;0;0;34;46;4848
0.114849;0.201307;0.017964;-0.021619
0;0;0;0;0;0;0;34;47;4870
0.116621;0.199231;0.016191;-0.015638
0;0;0;0;0;0;0;34;46;4825
0.118218;0.197729;0.014595;-0.018042
0;0;0;0;0;0;0;34;47;4818
0.119657;0.195995;0.013156;-0.012401
0;0;0;0;0;0;0;34;46;4797
0.120953;0.194802;0.011859;-0.015115
0;0;0;0;0;0;0;36;45;4818
0.122122;0.193348;0.018503;-0.017566
0;0;0;0;0;0;0;38;43;4825
0.123944;0.191656;0.024493;-0.023687
0;0;0;0;0;0;0;40;40;4848
0.126355;0.189373;0.029895;-0.033123
0;0;0;0;0;0;0;40;40;4863
0.129296;0.186178;0.026954;-0.029928
0;0;0;0;0;0;0;42;39;4863
0.131945;0.183287;0.032117;-0.030943
1;1;1;0;0;0;0;42;39;4863
0.467046;0.102809;-0.302983;0.049535
1;1;1;1;0;0;0;50;31;4848
0.368566;0.105036;-0.173254;0.016058
1;0;0;1;0;0;0;58;23;4855
0.048720;0.164046;0.177842;-0.074203
0;0;0;0;1;0;0;60;21;4840
0.104828;0.135110;0.129547;-0.053079
0;0;0;0;1;0;0;62;19;4833
0.130377;0.124674;0.111810;-0.050455
0;0;0;0;1;0;0;64;17;4804
0.152292;0.114727;0.097708;-0.048321
0;0;0;0;1;0;0;64;17;4833
0.171321;0.105180;0.078679;-0.038774
0;0;0;0;1;0;0;64;17;4825
0.186553;0.097505;0.063447;-0.031099
0;0;0;0;1;0;0;64;17;4797
0.198771;0.091341;0.051229;-0.024934
0;0;0;0;1;0;0;62;19;4782
0.208592;0.086393;0.033596;-0.012174
0;0;0;0;1;0;0;62;19;4812
0.215009;0.083976;0.027178;-0.009757
0;0;0;0;1;0;0;62;19;4804
0.220188;0.082038;0.022000;-0.007819
0;0;0;0;1;0;0;58;23;4774
0.224370;0.080485;0.002192;0.009359
0;0;0;0;0;0;0;52;29;4738
0.166272;0.153498;0.036853;-0.040217
0;0;0;0;0;0;0;42;38;4797
0.169853;0.149569;-0.005790;-0.001131
0;0;0;0;0;0;0;29;25;4840
0.169291;0.149458;-0.056009;-0.051802
0;0;0;0;0;0;0;0;-3;4840
0.163845;0.144390;-0.163845;-0.156109
0;0;0;0;0;0;0;0;-3;4855
0.147859;0.129071;-0.147859;-0.140790
0;0;0;0;0;0;0;0;-3;4848
0.133366;0.115203;-0.133366;-0.126921
0;0;0;0;0;0;0;0;-3;4884
0.120244;0.102661;-0.120244;-0.114380
0;0;0;0;0;0;0;0;-3;4876
0.108377;0.091331;-0.108377;-0.103050
0;0;0;0;0;0;0;0;-3;4825
0.097654;0.081103;-0.097654;-0.092821
0;0;0;0;0;0;0;0;-3;4870
0.087973;0.071875;-0.087973;-0.083594
0;0;0;0;0;0;0;0;-3;4884
0.079237;0.063554;-0.079237;-0.075273
0;0;0;0;0;0;0;0;-3;4833
0.071358;0.056054;-0.071358;-0.067773
0;0;0;0;0;0;0;0;-3;4855
0.064255;0.049295;-0.064255;-0.061014
0;0;0;0;0;0;0;0;-3;4863
0.057854;0.043207;-0.057854;-0.054926
0;0;0;0;0;0;0;0;-3;4870
0.052086;0.037723;-0.052086;-0.049442
0;0;0;0;0;0;0;0;-3;4891
0.046890;0.032785;-0.046890;-0.044504
0;0;0;0;0;0;0;0;-3;4825
0.042210;0.028339;-0.042210;-0.040058
0;0;0;0;0;0;0;0;-3;4884
0.037996;0.024336;-0.037996;-0.036055
0;0;0;0;0;0;0;0;-3;4884
0.034201;0.020732;-0.034201;-0.032451
0;0;0;0;0;0;0;0;-3;4863
0.030785;0.017489;-0.030785;-0.029207
0;0;0;0;0;0;0;0;-3;4876
0.027709;0.014569;-0.027709;-0.026287
0;0;0;0;0;0;0;0;-3;4884
0.024940;0.011940;-0.024940;-0.023659
0;0;0;0;0;0;0;0;-3;4870
0.022448;0.009575;-0.022448;-0.021293
0;0;0;0;0;0;0;0;-3;4891
0.020204;0.007445;-0.020204;-0.019164
0;0;0;0;0;0;0;4;-7;4818
0.018184;0.005529;-0.002559;-0.032873
0;0;0;0;0;0;0;8;-11;4863
0.017928;0.002242;0.013322;-0.045210
0;0;0;0;0;0;0;8;-11;4863
0.019260;-0.002279;0.011990;-0.040689
0;0;0;0;0;0;0;8;-11;4870
0.020459;-0.006348;0.010791;-0.036621
0;0;0;0;0;0;0;8;-11;4884
0.021537;-0.010010;0.009713;-0.032959
0;0;0;0;0;0;0;8;-11;4797
0.022508;-0.013305;0.008742;-0.029663
0;0;0;0;0;0;0;8;-11;4848
0.023382;-0.016271;0.007868;-0.026698
0;0;0;0;0;0;0;8;-11;4774
0.024168;-0.018940;0.007082;-0.024029
0;0;0;0;0;0;0;12;-15;4863
0.024876;-0.021342;0.021999;-0.037252
0;0;0;0;0;0;0;12;-15;4818
0.027074;-0.025065;0.019801;-0.033529
0;0;0;0;0;0;0;13;-18;4746
0.029053;-0.028416;0.021728;-0.041897
0;0;0;0;0;0;0;14;-17;4818
0.031224;-0.032601;0.023464;-0.033805
0;0;0;0;0;0;0;14;-17;4789
0.033568;-0.035978;0.021120;-0.030428
0;0;0;0;0;0;0;22;-8;4863
0.035677;-0.039016;0.050260;0.007766
0;0;0;0;0;0;0;28;-2;4863
0.040696;-0.038241;0.068679;0.030428
0;0;0;0;0;0;0;28;-2;4870
0.047550;-0.035202;0.061825;0.027390
0;0;0;0;0;0;0;27;-8;4863
0.053717;-0.032466;0.051752;0.001216
0;0;0;1;0;0;0;26;-12;4840
0.060998;-0.055676;0.040565;0.008801
0;0;0;1;0;0;0;25;-17;4855
0.069076;-0.053921;0.028580;-0.012485
0;0;0;1;0;0;0;23;-20;4863
0.074763;-0.056410;0.015081;-0.021715
0;0;0;1;0;0;0;18;-21;4840
0.077761;-0.060738;-0.007449;-0.021293
0;0;0;1;0;0;0;14;-17;4797
0.076280;-0.064980;-0.021593;-0.001426
0;0;0;1;0;0;0;8;-11;4863
0.071986;-0.065264;-0.040736;0.022295
0;0;0;1;0;0;0;0;-3;4840
0.063876;-0.060823;-0.063876;0.049104
0;0;0;1;0;0;0;-1;-1;4833
0.051143;-0.051033;-0.055050;0.047127
0;0;0;1;0;0;0;0;-3;4855
0.040157;-0.041628;-0.040157;0.029909
0;0;0;1;0;0;0;0;-3;4825
0.032136;-0.035655;-0.032136;0.023936
0;0;0;1;0;0;0;2;-5;4876
0.025714;-0.030873;-0.017902;0.011342
0;0;0;1;0;0;0;8;-11;4855
0.022136;-0.028607;0.009114;-0.014362
0;0;0;1;0;0;0;20;-6;4876
0.023958;-0.031477;0.054167;0.008039
0;0;0;1;0;0;0;31;0;4863
0.034782;-0.029870;0.086312;0.029870
0;0;0;1;0;0;0;31;0;4855
0.052011;-0.023900;0.069083;0.023900
0;0;0;1;0;0;0;31;0;4848
0.065780;-0.019123;0.055314;0.019123
0;0;0;1;0;0;0;31;0;4863
0.076786;-0.015299;0.044308;0.015299
0;0;0;1;0;0;0;26;-1;4870
0.085589;-0.012240;0.015973;0.008334
0;0;0;1;0;0;0;31;0;4818
0.088759;-0.010574;0.032334;0.010574
0;0;0;0;0;0;0;35;-3;4855
0.075991;-0.008719;0.060728;-0.003000
0;0;1;0;0;0;0;32;-2;4833
0.286507;-0.040446;-0.161507;0.032633
0;0;1;0;0;0;0;8;-11;4833
0.256591;-0.033928;-0.225341;-0.009040
0;0;1;0;0;0;0;0;-3;4825
0.214027;-0.035734;-0.214027;0.024015
0;0;1;0;0;0;0;-1;-1;4870
0.172830;-0.030936;-0.176736;0.027030
0;0;1;0;0;0;0;-1;-1;4891
0.138342;-0.025535;-0.142248;0.021629
0;0;1;0;0;0;0;-1;-1;4891
0.110334;-0.021211;-0.114241;0.017305
0;0;1;0;0;0;0;-1;-1;4891
0.087711;-0.017752;-0.091618;0.013845
0;0;1;0;0;0;0;0;-2;4833
0.069502;-0.014983;-0.069502;0.007171
0;0;1;0;0;0;0;-1;-1;4884
0.055656;-0.013549;-0.059562;0.009643
0;0;1;0;0;0;0;-1;-1;4812
0.043773;-0.011621;-0.047679;0.007715
0;0;1;0;0;0;0;-1;-1;4863
0.034252;-0.010078;-0.038158;0.006172
0;0;1;0;0;0;0;-1;-1;4884
0.026627;-0.008844;-0.030533;0.004938
0;0;1;0;0;0;0;-2;-1;4876
0.020524;-0.007856;-0.028336;0.003950
0;0;1;0;0;0;0;-1;-1;4891
0.014858;-0.007067;-0.018765;0.003160
0;0;1;0;0;0;0;-1;-1;4891
0.011106;-0.006434;-0.015012;0.002528
0;0;1;0;0;0;0;0;-2;4863
0.008104;-0.005929;-0.008104;-0.001884
0;0;1;0;0;0;0;-1;-1;4884
0.006483;-0.006306;-0.010390;0.002399
0;0;1;0;0;0;0;-1;-1;4863
0.004405;-0.005826;-0.008312;0.001920
0;0;1;0;0;0;0;-1;-1;4891
0.002743;-0.005442;-0.006649;0.001536
0;0;1;0;0;0;0;-1;-1;4855
0.001413;-0.005135;-0.005320;0.001229
0;0;1;0;0;0;0;0;-2;4855
0.000349;-0.004889;-0.000349;-0.002923
0;0;1;0;0;0;0;-1;-1;4855
0.000349;-0.005474;-0.004256;0.001567
0;0;1;0;0;0;0;0;-1;4891
-0.000502;-0.005160;0.000502;0.001254
0;0;1;0;0;0;0;0;-3;4884
-0.000502;-0.004909;0.000502;-0.006809
0;0;1;0;0;0;0;0;-3;4855
-0.000502;-0.006271;0.000502;-0.005448
0;0;1;0;0;0;0;0;-3;4884
-0.000502;-0.007361;0.000502;-0.004358
0;0;1;0;0;0;0;0;-3;4891
-0.000502;-0.008232;0.000502;-0.003486
0;0;1;0;0;0;0;0;-2;4833
-0.000502;-0.008929;0.000502;0.001117
0;0;1;0;0;0;0;0;-3;4812
-0.000502;-0.008706;0.000502;-0.003013
0;0;1;0;0;0;0;0;-3;4870
-0.000502;-0.009309;0.000502;-0.002410
0;0;1;0;0;0;0;0;-3;4812
-0.000502;-0.009790;0.000502;-0.001928
0;0;1;0;0;0;0;-1;-1;4863
-0.000502;-0.010176;-0.003404;0.006270
0;0;1;0;0;0;0;-1;-1;4863
-0.001183;-0.008922;-0.002724;0.005016
0;0;1;0;0;0;0;0;-3;4797
-0.001727;-0.007919;0.001727;-0.003800
0;0;1;0;0;0;0;0;-1;4855
-0.001382;-0.008679;0.001382;0.004773
0;0;1;0;0;0;0;0;-3;4855
-0.001106;-0.007725;0.001106;-0.003994
0;0;1;0;0;0;0;-1;-1;4876
-0.000884;-0.008523;-0.003022;0.004617
0;0;1;0;0;0;0;0;-3;4825
-0.001489;-0.007600;0.001489;-0.004119
0;0;1;0;0;0;0;-1;-1;4855
-0.001191;-0.008424;-0.002715;0.004517
0;0;1;0;0;0;0;0;-2;4863
-0.001734;-0.007520;0.001734;-0.000292
0;0;1;0;0;0;0;-1;-1;4884
-0.001387;-0.007520;-0.002519;0.003614
0;0;1;0;0;0;0;0;-2;4870
-0.001891;-0.006798;0.001891;-0.001015
0;0;1;0;0;0;0;-2;0;4863
-0.001513;-0.007000;-0.006300;0.007000
0;0;1;0;0;0;0;0;-3;4863
-0.002773;-0.005601;0.002773;-0.006118
0;0;1;0;0;0;0;0;-3;4863
-0.002218;-0.006824;0.002218;-0.004895
0;0;1;0;0;0;0;0;-3;4833
-0.001775;-0.007803;0.001775;-0.003916
0;0;1;0;0;0;0;0;-3;4833
-0.001420;-0.008586;0.001420;-0.003133
0;0;1;0;0;0;0;0;-3;4870
-0.001136;-0.009212;0.001136;-0.002506
0;0;1;0;0;0;0;0;-3;4870
-0.000909;-0.009714;0.000909;-0.002005
0;0;1;0;0;0;0;0;-2;4863
-0.000909;-0.010115;0.000909;0.002302
0;0;1;0;0;0;0;0;-3;4870
-0.000909;-0.009654;0.000909;-0.002064
0;0;1;0;0;0;0;0;-3;4870
-0.000909;-0.010067;0.000909;-0.001652
0;0;1;0;0;0;0;0;-3;4848
-0.000909;-0.010397;0.000909;-0.001321
0;0;1;0;0;0;0;0;-3;4863
-0.000909;-0.010662;0.000909;-0.001057
0;0;1;0;0;0;0;0;-3;4863
-0.000909;-0.010873;0.000909;-0.000846
0;0;1;0;0;0;0;0;-3;4804
-0.000909;-0.010873;0.000909;-0.000846
0;0;1;0;0;0;0;0;-3;4863
-0.000909;-0.010873;0.000909;-0.000846
0;0;1;0;0;0;0;-1;-1;4870
-0.000909;-0.010873;-0.002998;0.006967
0;0;1;0;0;0;0;-1;-1;4863
-0.001508;-0.009480;-0.002398;0.005574
0;0;1;0;0;0;0;0;-3;4812
-0.001988;-0.008365;0.001988;-0.003353
0;0;1;0;0;0;0;0;-3;4863
-0.001590;-0.009036;0.001590;-0.002683
0;0;1;0;0;0;0;0;-3;4870
-0.001272;-0.009572;0.001272;-0.002146
0;0;1;0;0;0;0;0;-3;4759
-0.001018;-0.010002;0.001018;-0.001717
0;0;1;0;0;0;0;0;-3;4870
-0.000814;-0.010345;0.000814;-0.001374
0;0;1;0;0;0;0;0;-3;4863
-0.000814;-0.010620;0.000814;-0.001099
0;0;1;0;0;0;0;0;-3;4840
-0.000814;-0.010840;0.000814;-0.000879
0;0;1;0;0;0;0;0;-3;4840
-0.000814;-0.010840;0.000814;-0.000879
0;0;1;0;0;0;0;0;-3;4863
-0.000814;-0.010840;0.000814;-0.000879
0;0;1;0;0;0;0;0;-3;4863
-0.000814;-0.010840;0.000814;-0.000879
0;0;1;0;0;0;0;0;-3;4833
-0.000814;-0.010840;0.000814;-0.000879
0;0;1;0;0;0;0;0;-3;4863
-0.000814;-0.010840;0.000814;-0.000879
0;0;1;0;0;0;0;0;-3;4870
-0.000814;-0.010840;0.000814;-0.000879
0;0;1;0;0;0;0;0;-3;4812
-0.000814;-0.010840;0.000814;-0.000879
0;0;1;0;0;0;0;0;-3;4870
-0.000814;-0.010840;0.000814;-0.000879
0;0;1;0;0;0;0;0;-3;4876
-0.000814;-0.010840;0.000814;-0.000879
0;0;1;0;0;0;0;0;-3;4863
-0.000814;-0.010840;0.000814;-0.000879
0;0;1;0;0;0;0;0;-3;4825
-0.000814;-0.010840;0.000814;-0.000879
0;0;1;0;0;0;0;0;-3;4870
-0.000814;-0.010840;0.000814;-0.000879
0;0;1;0;0;0;0;0;-3;4812
-0.000814;-0.010840;0.000814;-0.000879
0;0;1;0;0;0;0;0;-3;4848
-0.000814;-0.010840;0.000814;-0.000879
0;0;1;0;0;0;0;0;-3;4863
-0.000814;-0.010840;0.000814;-0.000879
0;0;1;0;0;0;0;0;-1;4855
-0.000814;-0.010840;0.000814;0.006933
0;0;1;0;0;0;0;0;-3;4876
-0.000814;-0.009453;0.000814;-0.002266
0;0;1;0;0;0;0;-1;-1;4812
-0.000814;-0.009906;-0.003092;0.006000
0;0;1;0;0;0;0;0;-3;4840
-0.001433;-0.008706;0.001433;-0.003013
0;0;1;0;0;0;0;0;-3;4797
-0.001146;-0.009309;0.001146;-0.002410
0;0;1;0;0;0;0;0;-3;4833
-0.000917;-0.009791;0.000917;-0.001928
0;0;1;0;0;0;0;0;-3;4833
-0.000917;-0.010176;0.000917;-0.001543
0;0;1;0;0;0;0;0;-3;4833
-0.000917;-0.010485;0.000917;-0.001234
0;0;1;0;0;0;0;0;-3;4870
-0.000917;-0.010732;0.000917;-0.000987
0;0;1;0;0;0;0;0;-3;4870
-0.000917;-0.010732;0.000917;-0.000987
0;0;1;0;0;0;0;0;-3;4804
-0.000917;-0.010732;0.000917;-0.000987
0;0;1;0;0;0;0;0;-3;4855
-0.000917;-0.010732;0.000917;-0.000987
0;0;1;0;0;0;0;0;-3;4870
-0.000917;-0.010732;0.000917;-0.000987
0;0;1;0;0;0;0;0;-3;4825
-0.000917;-0.010732;0.000917;-0.000987
0;0;1;0;0;0;0;0;-3;4804
-0.000917;-0.010732;0.000917;-0.000987
0;0;1;0;0;0;0;0;-3;4855
-0.000917;-0.010732;0.000917;-0.000987
0;0;1;0;0;0;0;0;-3;4833
-0.000917;-0.010732;0.000917;-0.000987
0;0;1;0;0;0;0;0;-3;4870
-0.000917;-0.010732;0.000917;-0.000987
0;0;1;0;0;0;0;0;-3;4863
-0.000917;-0.010732;0.000917;-0.000987
0;0;1;0;0;0;0;0;-3;4840
-0.000917;-0.010732;0.000917;-0.000987
0;0;1;0;0;0;0;0;-3;4863
-0.000917;-0.010732;0.000917;-0.000987
0;0;1;0;0;0;0;0;-3;4863
-0.000917;-0.010732;0.000917;-0.000987
0;0;1;0;0;0;0;0;-3;4848
-0.000917;-0.010732;0.000917;-0.000987
0;0;1;0;0;0;0;0;-3;4825
-0.000917;-0.010732;0.000917;-0.000987
0;0;1;0;0;0;0;0;-3;4840
-0.000917;-0.010732;0.000917;-0.000987
0;0;1;0;0;0;0;0;-3;4833
-0.000917;-0.010732;0.000917;-0.000987
0;0;1;0;0;0;0;0;-3;4863
-0.000917;-0.010732;0.000917;-0.000987
0;0;1;0;0;0;0;0;-1;4870
-0.000917;-0.010732;0.000917;0.006825
0;0;1;0;0;0;0;0;-3;4818
-0.000917;-0.009367;0.000917;-0.002352
0;0;1;0;0;0;0;0;-3;4752
-0.000917;-0.009837;0.000917;-0.001882
0;0;1;0;0;0;0;1;-4;4870
-0.000917;-0.010213;0.004823;-0.005412
0;0;1;0;0;0;0;-1;-1;4876
0.000048;-0.011296;-0.003954;0.007389
0;0;1;0;0;0;0;0;-3;4870
-0.000743;-0.009818;0.000743;-0.001901
0;0;1;0;0;0;0;0;-3;4825
-0.000743;-0.010198;0.000743;-0.001521
0;0;1;0;0;0;0;0;-3;4833
-0.000743;-0.010502;0.000743;-0.001217
0;0;1;0;0;0;0;-1;0;4855
-0.000743;-0.010745;-0.003163;0.010745
0;0;1;0;0;0;0;0;-3;4855
-0.001376;-0.008596;0.001376;-0.003122
0;0;1;0;0;0;0;-1;-1;4870
-0.001101;-0.009221;-0.002806;0.005315
0;0;1;0;0;0;0;0;-3;4863
-0.001662;-0.008158;0.001662;-0.003561
0;0;1;0;0;0;0;-1;-1;4884
-0.001329;-0.008870;-0.002577;0.004964
0;0;1;0;0;0;0;-1;-1;4876
-0.001845;-0.007877;-0.002062;0.003971
